0 -3.59459e-06  5.12113e-05  3.54307e-05 0.261574 0.964428 4.70331e-05 0.0381707
1 -0.222404  0.146725 0.0105864 0.36091 0.931276 0.00718011 0.0491634
2   -0.204132    0.229011 -0.00683616 0.457102 0.888208 -0.0221343 0.040677
3  -0.232435   0.240164 -0.0295922 0.546516 0.836342 -0.0186908 0.0387686
4   -0.27284    0.23929 -0.0118712 0.636235 0.770379 -0.00919108 0.0404549
5  -0.183393   0.251051 -0.0039686 0.724767 0.688143 -0.0173896 0.0294796
6   -0.176417     0.26785 -0.00146524 0.797765 0.601559 -0.0270138 0.031129
7  -0.285589   0.306097 0.00516077 0.857149 0.512886 -0.00546864 0.0470619
8   -0.268088    0.293308 0.000455635 0.906263 0.420625 -0.0187328 0.037556
9   -0.228677    0.256875 -0.00349806 0.947427 0.317677 -0.0302904 0.0233507
10  -0.281678   0.321697 -0.0163796 0.976993 0.207998 -0.0151225 0.0446332
11  -0.262387    0.23947 -0.0128788 0.996238 0.0819939 -0.0233469 0.0155757
12   -0.270158    0.272315 -0.00875516 0.999225 -0.0242324 -0.0231006 0.0207049
13   -0.271096    0.346312 -0.00226413 0.990039 -0.134068 -0.0254475 0.0346659
14    -0.28202    0.281509 -0.00794071 0.96781 -0.249919 -0.0269249 0.0126241
15   0.634915  -0.148028 -0.0152932 0.986059 -0.158671 -0.0407632 0.0291389
16    1.6046 -0.484103 0.0105444 0.982263 -0.182252 -0.0435661 0.00681439
17   1.96836 -0.536087 0.0247366 0.949611 -0.311109 -0.0331679 0.0186854
18   1.91946 -0.586229 0.0201537 0.904018 -0.427274 -0.0129214 0.00468086
19   1.99538 -0.591866 0.0122625 0.850633 -0.52478 -0.0258516 0.0190154
20   2.11235 -0.882532  0.029359 0.911794 -0.408076 -0.0433464 0.0150822
21   2.14301 -0.875389 0.0269346 0.95104 -0.30567 -0.0390233 0.0238051
22   2.11383 -0.988237 0.0307536 0.978716 -0.202517 -0.032206 0.00800343
23     2.21118   -0.926841 0.000899463 0.994001 -0.102544 -0.020887 0.0317844
24   3.20163  -1.12626 0.0228087 0.989389 -0.138888 -0.041478 0.0100063
25   3.84018  -1.19481 0.0187343 0.998903 -0.0248385 -0.0389644 0.00763159
26   3.91537  -1.11191 0.0135938 0.992804 0.110289 -0.0323412 0.0336145
27   4.05769  -1.11292 0.0128476 0.975884 0.213281 -0.0399648 0.0237761
28   4.11169  -1.06761 0.0226106 0.993923 0.105062 -0.0293534 0.0147642
29   4.09488 -0.992153 0.0347602 0.998983 -0.0282562 -0.0218162 0.0275609
30   4.05299  -1.06424 0.0367196 0.987527 -0.156156 -0.0181567 0.00873043
31   4.04424  -1.06523 0.0399007 0.958527 -0.284278 -0.0186685 0.00801433
32   4.10005 -0.992516 0.0370333 0.910725 -0.411912 -0.020694 0.0219001
33   4.06665  -1.01123 0.0224776 0.84769 -0.529868 -0.0253632 -0.00431478
34   4.00963  -1.01246 0.0163116 0.788615 -0.614686 -0.0140495 -0.00705713
35    4.04601   -1.00983 0.00809756 -0.698481 0.71532 0.0209951 -0.000753327
36    4.08214    -1.0347 -0.0383273 -0.616324 0.786937 0.0290164 0.00579045
37     4.042   -1.1188 -0.022639 -0.523093 0.85178 0.0285147 0.00559295
38     4.02829    -1.25513 -0.00898267 -0.389347 0.92058 0.0262101 0.0159276
39     3.94061    -1.27089 -0.00559536 -0.293359 0.954575 0.0206607 0.0479634
40    3.84641   -1.41664 0.00888213 -0.196845 0.979332 0.0294808 0.0359351
41   3.80199  -1.38775 0.0199119 -0.0585775 0.997651 0.00789298 0.034611
42    3.73913   -1.30782 0.00964663 0.0552192 0.99751 -0.00353749 0.0437291
43   3.67269  -1.39785 0.0181335 0.157796 0.986883 0.0233426 0.024868
44    2.72128   -1.03698 -0.0256205 0.159761 0.985468 0.0210591 0.0537167
45     1.79727   -0.637008 0.000901417 0.204446 0.977656 -0.00537939 0.0486051
46    1.10767  -0.340625 0.00131228 0.305319 0.951671 -0.0102747 0.031559
47   0.767777  -0.175432 0.00907512 0.206031 0.977638 0.00223331 0.0420628
48    0.752717  -0.0708568 -0.00777975 0.102283 0.993743 -0.00862027 0.0440198
49    0.137882   0.0184559 -0.00385252 0.205695 0.977712 0.0098238 0.0408877
50 -0.0715342   0.204404 -0.0202997 0.316987 0.947638 -0.0185724 0.0340234
51 -0.172112  0.177219 -0.013338 0.420087 0.906354 0.00612627 0.0448581
52  -0.212706    0.24998 -0.0149307 0.51139 0.858759 0.000456465 0.0318323
53  -0.27045  0.648016 -0.027125 0.397618 0.916149 0.00455249 0.0505092
54   -0.30865   0.621413 -0.0214452 0.302781 0.951993 0.0142313 0.0427818
55   -0.319337    0.667053 -0.00898752 0.187172 0.981538 -0.00332264 0.0392304
56   -0.334877    0.626664 -0.00856509 0.0394623 0.998528 0.00736111 0.03647
57  -0.315522   0.593197 -0.0120282 -0.107929 0.993395 0.0270077 0.0280603
58  -0.325152   0.647797 -0.0205198 -0.220896 0.974953 0.0126135 0.0226339
59  -0.352132   0.685631 -0.0198982 -0.350583 0.935685 0.0147357 0.0369926
60   -0.30976   0.652917 -0.0220773 -0.453201 0.890637 0.029703 0.0222128
61 -0.261566   0.62735 -0.012856 -0.543463 0.838458 0.0401704 0.00472476
62   -0.285812    0.621563 -0.00721404 -0.628828 0.776743 0.0351421 0.00326735
63   -0.390453    0.616958 -0.00737522 0.71473 -0.698519 -0.0275605 -0.0217262
64  -0.328069   0.638762 -0.0130195 0.784707 -0.618325 -0.0433951 -0.00505363
65  -0.186936   0.720987 -0.0118798 0.863324 -0.501673 -0.0409802 0.0362713
66  -0.168988   0.710109 -0.0146223 0.910501 -0.410445 -0.0388322 0.0318415
67  -0.19703  0.611026 -0.012764 0.956415 -0.288941 -0.0421891 0.00199758
68  -0.203418   0.587722 -0.0208197 0.981011 -0.189448 -0.0409888 -0.00683112
69  -0.199671   0.659012 -0.0154945 0.996841 -0.0642926 -0.0291916 0.0363658
70  -0.199763   0.601398 -0.0153839 0.998609 0.0422383 -0.0280296 0.0145034
71   -0.186371    0.618772 -0.00475493 0.989117 0.144576 -0.0162762 0.0219259
72  -0.20663  0.684569 -0.017699 0.998117 0.0448955 -0.0203795 0.036485
73  -0.160582   0.657483 -0.0166289 0.997347 -0.0659725 -0.0193847 0.02388
74 0.0450193  0.619804 -0.020619 0.980294 -0.19463 -0.0306987 0.0141595
75  0.0850923   0.554323 -0.0189056 0.94704 -0.318218 -0.0427966 -0.00470922
76   0.150972   0.620683 -0.0142632 0.905452 -0.422571 -0.0343759 0.0202193
77  0.0974161   0.575645 -0.0178192 0.854238 -0.519644 -0.0156841 -0.00114705
78   0.279538   0.330772 -0.0122662 0.904511 -0.424309 -0.0390494 0.0172557
79   0.368843   0.202017 -0.0107418 0.943136 -0.330348 -0.0349048 0.0121107
80     1.29326   -0.252264 -0.00576737 0.95764 -0.284168 -0.0466355 0.000449451
81    1.96257  -0.589614 0.00508161 0.984756 -0.168664 -0.0273228 0.0325763
82    2.27971  -0.830706 0.00247656 0.96164 -0.272279 -0.0330103 0.00484805
83    2.84379   -1.11737 -0.0155814 0.986448 -0.157038 -0.0471625 0.00599539
84    2.89481   -1.02354 -0.0507582 0.997614 -0.0505158 -0.0354727 0.0309143
85     2.95273    -1.03435 -0.00574983 0.997917 0.0530094 -0.0110462 0.0350697
86   3.39792  -1.02108 0.0565292 0.997851 -0.0487343 -0.0374151 0.0227564
87   3.35231   -1.0345 0.0140299 0.986748 -0.160741 -0.0208796 0.00735081
88      3.41761    -0.991412 -0.000688808 0.965315 -0.258242 -0.0313629 0.0222142
89   3.04596 -0.866566  -3.78088 0.958852 -0.277911 -0.0406244 0.0414541
90  3.02208 -0.93216 -6.66004 0.95981 -0.273531 -0.0485713 0.0398213
91  2.99451 -1.05117  -9.1398 0.959929 -0.271072 -0.0554599 0.0445052
92  3.02339 -1.21898  -11.254 0.962075 -0.261022 -0.0610595 0.0505015
93  3.06143 -1.42284 -13.0134 0.962003 -0.258227 -0.063963 0.0614685
94  3.12209 -1.61982 -14.4103 0.962455 -0.253825 -0.0631984 0.0725146
95  3.18003 -1.79262 -15.4117 0.962043 -0.253129 -0.0724778 0.0717321
96   3.9956 -2.40299 -13.7941 0.959929 -0.252801 -0.0946681 0.0752733
97  4.25862 -2.52167 -12.2733 0.958916 -0.256919 -0.099996 0.0668869
98  4.55411 -2.65797 -10.4457 0.956937 -0.263611 -0.106138 0.0592908
99  4.88914 -2.81313 -8.21488 0.953383 -0.274064 -0.116348 0.0491272
100  5.31359 -2.95125 -5.64198 0.954941 -0.268759 -0.119585 0.0394321
101  5.77117 -3.11395 -2.70879 0.954941 -0.267837 -0.124717 0.0282219
102  6.28429 -3.31284 0.608658 0.953739 -0.266558 -0.136947 0.0239531
103  6.86428 -3.57451  4.25755 0.952939 -0.265243 -0.144763 0.024437
104  7.51436 -3.86764  8.26251 0.94926 -0.26962 -0.160223 0.0232104
105  8.26755 -4.25989  12.5866 0.948835 -0.26764 -0.167492 0.00527705
106   9.0754 -4.67587  17.2837 0.949334 -0.270213 -0.16047 7.47208e-06
107  9.89369 -5.32716  22.2531 0.95204 -0.268125 -0.147043 -0.0103497
108  10.7788 -6.08938  27.3225 0.949278 -0.27098 -0.159223 -0.00947112
109   12.022 -6.85802  33.0224 0.947637 -0.276323 -0.159676 -0.0115187
110   13.139 -7.63636  39.0412 0.953715 -0.26407 -0.143235 -0.0133388
111  14.3254 -8.23083  45.4339 0.960394 -0.250396 -0.122255 -0.000185067
112 15.6663 -9.4215  52.401 0.961724 -0.239216 -0.133138 -0.011693
113  16.9967 -10.7751  58.9093 0.958083 -0.239515 -0.154176 -0.0306435
114  18.236 -12.207 66.2132 0.967294 -0.205318 -0.140473 -0.0495458
115  19.3086 -13.7343  73.3538 0.969463 -0.211903 -0.107639 -0.0604334
116  20.9042 -15.4993  82.4758 0.969449 -0.208462 -0.110144 -0.0676736
117  21.9419 -17.0377  90.2332 0.974549 -0.199746 -0.0688059 -0.0749751
118  23.5762 -19.1443  99.6875 0.978002 -0.184996 -0.0581252 -0.0768726
119  24.6657 -20.6113  107.867 0.97645 -0.196225 -0.0513202 -0.0735337
120  25.9973 -22.9644  117.442 0.977349 -0.188983 -0.0572944 -0.0760993
121  27.2997 -25.0653  126.912 0.978458 -0.178295 -0.0487128 -0.0919693
122  28.5311 -27.4054  136.928 0.973013 -0.202374 -0.031903 -0.106176
123  29.7165 -29.8218  147.314 0.972567 -0.201673 -0.00899577 -0.115588
124  30.6242 -32.7945   157.81 0.971802 -0.194289 0.01541 -0.132722
125  31.9142 -35.7892  168.722 0.973536 -0.182549 0.0284088 -0.134524
126  32.8395 -38.6827  179.997 0.972599 -0.180121 0.0452947 -0.139845
127  34.5111 -41.9311  191.525 0.974544 -0.169863 0.0380929 -0.141277
128  34.6584 -45.2897  203.323 0.975171 -0.143006 0.0753334 -0.151381
129 35.4099 -48.624 215.438 0.978889 -0.119377 0.0872403 -0.141117
130  35.4114 -52.0648  227.962 0.978099 -0.0971202 0.125998 -0.134216
131  36.0506 -55.5906  240.879 0.978497 -0.0825855 0.137686 -0.129483
132  35.6671 -60.1288  253.561 0.968505 -0.109602 0.159149 -0.157023
133  35.4016 -65.1927  266.513 0.960772 -0.106741 0.177309 -0.184621
134  35.2405 -69.7514  279.973 0.958859 -0.0983366 0.191211 -0.185357
135 34.3073 -73.978 293.996 0.955788 -0.0818887 0.221758 -0.174892
136  33.5381 -78.6398  307.469 0.950041 -0.12172 0.23113 -0.170838
137  32.2711 -82.9209  321.814 0.949106 -0.116019 0.245397 -0.159744
138  30.5975 -87.9747  336.145 0.944312 -0.0873736 0.270843 -0.165178
139 29.3703 -93.711 350.621 0.942431 -0.0532288 0.273667 -0.184651
140  27.3085 -100.014  365.563 0.934164 -0.0311835 0.288272 -0.208002
141  24.0757 -105.175  379.826 0.923471 -0.019209 0.327842 -0.198373
142  20.1747 -110.599  394.567 0.907663 -0.0459354 0.37421 -0.184405
143  16.0307 -116.334  409.331 0.890654 -0.0777579 0.410505 -0.179374
144   11.481 -122.322  424.117 0.870777 -0.0415917 0.455951 -0.179236
145 7.11934 -128.22  439.28 0.863708 -0.077481 0.470966 -0.161853
146 2.51839 -134.73 454.313 0.855679 -0.0684389 0.485915 -0.164364
147 -2.87646  -141.68  468.999 0.840016 -0.0569151 0.510752 -0.173975
148 -8.99319 -148.049  483.849 0.822057 -0.0679331 0.539802 -0.167992
149 -15.6477 -154.847  498.489 0.799376 -0.0871397 0.571156 -0.164879
150 -22.9113 -161.334  513.056 0.777575 -0.118921 0.598412 -0.152111
151 -30.377 -168.29 527.362 0.758839 -0.148681 0.617475 -0.144159
152 -37.8616 -175.086  542.114 0.748557 -0.172374 0.626233 -0.133349
153 -45.9165 -181.727  556.641 0.735938 -0.186456 0.639375 -0.121777
154 -54.6474 -188.408  570.837 0.71899 -0.215227 0.65147 -0.110984
155 -63.7195 -195.069  584.889 0.701988 -0.232124 0.664899 -0.106022
156 -73.5139 -201.225   598.78 0.679409 -0.240397 0.687045 -0.0926388
157 -83.4742 -207.744  612.522 0.664359 -0.255079 0.696936 -0.0885552
158 -93.7683 -214.218   626.25 0.651562 -0.268206 0.704449 -0.0853464
159 -104.455 -220.382  639.678 0.638616 -0.277306 0.713387 -0.0796842
160 -115.521 -226.485  653.084 0.624734 -0.280419 0.72465 -0.0771663
161 -127.011 -232.604   666.21 0.612695 -0.299885 0.727361 -0.0749668
162 -138.832 -238.408  679.251 0.5996 -0.306652 0.736189 -0.0668601
163 -151.297 -243.908  692.044 0.581281 -0.297234 0.754977 -0.0614275
164 -164.126 -249.223  704.545 0.561857 -0.290767 0.7724 -0.0563051
165 -177.332 -254.447  716.699 0.543119 -0.29278 0.785136 -0.0535071
166 -190.747 -259.588  728.635 0.529082 -0.303204 0.790935 -0.0506133
167 -205.128 -264.526  740.627 0.511162 -0.291081 0.807075 -0.0511326
168 -218.928 -269.135  751.517 0.489411 -0.295035 0.81899 -0.0518345
169 -233.556 -273.779  762.439 0.472858 -0.291742 0.829765 -0.0527497
170 -248.838 -278.348  773.294 0.452422 -0.272424 0.847189 -0.058063
171  -263.74 -282.534  783.123 0.429029 -0.254557 0.864255 -0.0647873
172 -279.079 -286.543   792.56 0.404029 -0.237148 0.880882 -0.0675976
173 -293.702 -290.075  801.132 0.380681 -0.224933 0.894446 -0.066736
174 -311.457 -294.352  811.022 0.352037 -0.230536 0.904875 -0.0642271
175 -327.849 -298.078  819.325 0.330943 -0.232989 0.912095 -0.0653851
176 -344.473 -301.707  827.126 0.305109 -0.22459 0.922745 -0.070783
177 -361.424  -305.22  834.384 0.277456 -0.198486 0.936649 -0.0794378
178 -378.413 -308.634  840.905 0.24597 -0.173594 0.949461 -0.0888076
179 -395.449 -311.927  846.978 0.218509 -0.165376 0.956956 -0.0956015
180 -412.538 -315.153  852.571 0.195831 -0.164327 0.961764 -0.098268
181  -430.17 -318.323  857.864 0.174993 -0.167891 0.964985 -0.0999663
182 -447.532 -321.444  862.412 0.15247 -0.188343 0.964601 -0.104039
183 -465.025 -324.478  866.529 0.129665 -0.201861 0.96503 -0.105627
184 -482.635 -327.434   870.06 0.107763 -0.217239 0.964046 -0.10867
185 -500.228 -330.108  873.135 0.0865496 -0.217404 0.966211 -0.108081
186 -517.792 -332.605  875.732 0.0669086 -0.228396 0.965776 -0.103124
187 -535.51 -334.99 877.784 0.0444607 -0.241871 0.964078 -0.100374
188 -553.127 -337.406  879.387 0.0204342 -0.247961 0.963154 -0.102136
189 -570.695 -339.417  880.354 -0.0031862 -0.2573 0.961449 -0.0969648
190 -588.235 -341.255  880.787 -0.0281456 -0.265318 0.959432 -0.0911262
191 -605.728 -342.871  880.714 -0.0541288 -0.27098 0.957253 -0.0854839
192  -622.98 -344.283  880.177 -0.0789233 -0.278234 0.95384 -0.0809119
193 -640.231 -345.475  879.087 -0.103981 -0.306426 0.943159 -0.0757803
194 -657.477 -346.498  877.482 -0.12726 -0.32487 0.934528 -0.070152
195 -674.186 -347.369  875.558 -0.1492 -0.328259 0.930257 -0.0678819
196 -690.826 -347.832   873.11 -0.170457 -0.352883 0.917915 -0.0620463
197 -707.367 -348.173  870.281 -0.189421 -0.38303 0.902185 -0.0589136
198 -723.704  -348.16  867.103 -0.208995 -0.400486 0.890618 -0.0522613
199 -739.747 -347.895  863.486 -0.228837 -0.420597 0.876648 -0.04712
200 -755.561 -347.253  859.559 -0.247941 -0.446403 0.858838 -0.0405824
201 -771.121 -346.425  855.278 -0.265532 -0.473213 0.839244 -0.0350844
202  -786.53 -345.353  850.695 -0.281382 -0.492373 0.822984 -0.0330147
203  -801.54 -343.878  845.873 -0.296836 -0.520648 0.800049 -0.0271242
204 -816.396 -342.093  840.842 -0.313021 -0.529286 0.788363 -0.0189346
205  -830.92 -339.896  835.582 -0.33027 -0.543388 0.771683 -0.0125538
206 -845.148  -337.53   830.05 -0.345054 -0.560443 0.752805 -0.0112325
207 -859.124 -334.886  824.358 -0.355812 -0.590949 0.723883 -0.0130923
208 -872.733 -331.805  818.545 -0.369103 -0.601583 0.708393 -0.00642352
209 -886.118 -328.489  812.512 -0.381681 -0.603105 0.700406 -0.00386019
210 -899.161  -324.89  806.298 -0.39299 -0.614343 0.684171 -0.0072156
211 -911.899 -320.941  800.052 -0.402521 -0.623183 0.670499 -0.00715831
212 -924.338  -316.57  793.767 -0.412908 -0.634337 0.653537 -0.00349709
213 -936.426 -311.912  787.383 -0.425666 -0.633897 0.64574 0.00177456
214 -948.181 -307.027  780.841 0.436662 0.641062 -0.631161 -0.00123223
215 -959.642 -301.814  774.324 0.446827 0.63846 -0.626621 -0.00781866
216 -970.736 -296.185  767.931 0.457863 0.651181 -0.605155 -0.0105901
217 -981.504 -290.403  761.309 0.467566 0.64022 -0.609218 -0.0188149
218 -991.979 -284.311  754.753 0.476025 0.637193 -0.605659 -0.0237001
219 -1002.09 -277.944  748.144 0.485671 0.622872 -0.612431 -0.0328945
220 -1011.86 -271.288  741.609 -0.492789 -0.604352 0.624286 0.0467411
221 -1021.31 -264.399  735.046 -0.498291 -0.581343 0.640236 0.0619989
222 -1030.31 -257.268  728.536 -0.507198 -0.572617 0.639885 0.0735284
223 -1039.06 -249.779  721.769 -0.516899 -0.566471 0.637115 0.0775188
224 -1047.09 -242.339   715.28 -0.527297 -0.571904 0.623759 0.0762119
225 -1055.05 -234.564  708.547 -0.533797 -0.556786 0.630312 0.0880751
226 -1062.49 -226.639  701.816 -0.541073 -0.539505 0.636782 0.103359
227 -1069.54 -218.513  695.036 -0.547959 -0.515384 0.647808 0.120272
228 -1076.15 -210.234  688.219 -0.556397 -0.497067 0.653349 0.128384
229 -1082.37  -201.76   681.42 -0.563247 -0.487506 0.653405 0.13473
230 -1088.08 -193.213  674.457 -0.573309 -0.465756 0.659085 0.141404
231 -1093.39 -184.543  667.544 -0.581865 -0.455335 0.656599 0.151595
232 -1098.25 -175.727  660.645 -0.594046 -0.45768 0.644279 0.150143
233 -1102.66  -166.92  653.607 -0.603877 -0.446201 0.642428 0.153372
234 -1106.67 -158.028  646.441 -0.61093 -0.428567 0.6462 0.159753
235 -1110.3    -149 639.189 -0.620907 -0.414026 0.647016 0.156292
236 -1113.41 -139.907  631.866 -0.632564 -0.412976 0.638013 0.149174
237 -1116.26 -130.623   624.66 -0.63221 -0.405733 0.641779 0.15431
238  -1118.6 -121.333  617.365 -0.63658 -0.406681 0.637129 0.153113
239 -1120.55 -111.903   610.06 0.641391 0.407692 -0.631621 -0.153163
240 -1122.06 -102.458    602.6 0.650252 0.407374 -0.62421 -0.146905
241 -1122.98 -93.0404  595.025 0.661085 0.394358 -0.619695 -0.153058
242 -1123.52 -83.5809  587.556 0.676345 0.396186 -0.605745 -0.136626
243 -1123.57   -74.02  580.025 0.692732 0.388204 -0.594582 -0.12606
244  -1123.3 -64.3629  572.459 0.699537 0.376872 -0.592429 -0.132829
245 -1122.58  -54.749  564.901 0.712144 0.36969 -0.584126 -0.122378
246 -1121.41 -45.0563  557.441 0.726708 0.364637 -0.572133 -0.107696
247 -1119.8 -35.449 549.873 0.729951 0.348001 -0.576005 -0.119515
248 -1117.73 -25.8893  542.304 0.731813 0.32679 -0.581337 -0.140373
249 -1115.23 -16.2795  535.007 0.739641 0.320384 -0.575478 -0.138244
250 -1112.31 -6.73851  527.696 0.741694 0.309592 -0.575839 -0.149839
251 -1108.96  2.78339  520.427 0.743553 0.300446 -0.574971 -0.162075
252 -1105.26  12.3517  513.293 0.745536 0.295934 -0.572955 -0.168292
253 -1101.08  21.6478   505.95 0.746956 0.274645 -0.577723 -0.181282
254 -1096.51  31.0122  498.772 0.743369 0.267202 -0.579202 -0.201322
255 -1091.53  40.3462  491.733 0.740962 0.262413 -0.578051 -0.219025
256 -1086.11  49.4538    484.6 0.737881 0.252322 -0.577443 -0.241712
257 -1080.29  58.5353    477.5 0.73758 0.247664 -0.573972 -0.255333
258 -1074.04  67.4036  470.339 0.739638 0.240359 -0.56924 -0.2667
259 -1067.37  76.1487  463.186 0.743827 0.230981 -0.562939 -0.276529
260 -1060.29  84.6447  456.015 0.73689 0.21279 -0.562231 -0.309207
261 -1052.76  93.0005  448.837 0.727838 0.193662 -0.559973 -0.34522
262 -1044.91  101.115  441.624 0.725106 0.179418 -0.554098 -0.367431
263 -1036.67  108.929  434.311 0.716158 0.157032 -0.549177 -0.401078
264 -1028.08  116.504   426.92 0.705367 0.135283 -0.544758 -0.432891
265 -1019.1 123.725 419.514 0.704336 0.1167 -0.535545 -0.45109
266 -1009.8 130.607 411.994 0.703493 0.0965141 -0.52584 -0.468268
267 -1000.22  137.167  404.363 0.699597 0.0756191 -0.517533 -0.486833
268 -990.381   143.35  396.626 -0.697483 -0.0541715 0.507957 0.502555
269 -980.254  149.101  388.738 -0.692251 -0.0293126 0.499081 0.52043
270 -969.892  154.506  380.736 -0.685483 -0.00551903 0.488815 0.539576
271 -959.343   159.47  372.629 -0.675821 0.0227375 0.474413 0.563632
272 -948.595  164.015  364.317 -0.66217 0.0521537 0.460057 0.589202
273 -937.652  168.215  355.894 -0.648651 0.0765447 0.445093 0.612605
274 -926.598  171.953  347.344 -0.641531 0.0985945 0.430183 0.627423
275 -915.373  175.288  338.741 -0.639996 0.113299 0.415256 0.636499
276 -904.154  178.126  329.911 -0.630559 0.137345 0.398121 0.651944
277 -892.904  180.525  320.917 -0.624813 0.162119 0.380911 0.661991
278 -881.528  182.549  311.658 -0.614373 0.187272 0.363174 0.674967
279 -870.304  183.998   302.34 -0.596154 0.214018 0.344422 0.692943
280 -859.131  185.003  292.911 -0.587809 0.23812 0.327436 0.700403
281 -848.049   185.57  283.292 -0.586962 0.256613 0.316182 0.699753
282 -837.075  185.729  273.574 -0.590502 0.273246 0.305104 0.695381
283 -825.985  185.417  263.522 -0.588262 0.295993 0.287372 0.695524
284 -815.099  184.718  253.456 -0.592674 0.316692 0.272585 0.688579
285 -803.652  183.457  242.473 -0.594498 0.339982 0.256645 0.681995
286 -793.895   182.05  232.976 -0.602138 0.354387 0.24735 0.671311
287 -783.536  180.127  222.545 -0.606428 0.373486 0.23808 0.660357
288 -773.432  177.756  212.069 -0.607495 0.393743 0.226627 0.65158
289 -763.457  175.005  201.497 -0.609801 0.410564 0.216654 0.642372
290 -753.802  171.812  190.873 -0.607744 0.431696 0.205456 0.634092
291 -744.402  168.208  180.248 -0.608535 0.453929 0.192713 0.621687
292 -735.233  164.211  169.619 -0.619657 0.471737 0.183233 0.59993
293 -726.347  159.843  159.017 -0.622528 0.492476 0.169074 0.584244
294 -717.647  155.107  148.491 -0.635903 0.50603 0.161071 0.560016
295 -709.206  150.083  137.993 -0.646396 0.520188 0.1542 0.536469
296 -700.991  144.672  127.637 -0.658259 0.531667 0.14403 0.513108
297 -692.964  138.978  117.417 0.668978 -0.539471 -0.132904 -0.493737
298 -685.266  132.987  107.321 0.679505 -0.549525 -0.123436 -0.470169
299 -677.721  126.697  97.3027 0.693217 -0.556987 -0.120566 -0.441225
300 -670.476   120.14  87.5581 0.704982 -0.564025 -0.115193 -0.414254
301 -663.378  113.296  77.9785 0.718383 -0.569768 -0.111277 -0.383285
302 -656.508  106.231   68.622 0.734124 -0.572748 -0.110384 -0.347618
303 -649.841  98.9233  59.4433 0.745396 -0.575205 -0.107035 -0.31948
304 -643.375  91.4274  50.5282 0.755511 -0.577217 -0.104575 -0.291697
305 -637.079  83.6917  41.8768 0.756066 -0.585796 -0.0943298 -0.276241
306 -630.909  75.7741   33.584 0.762381 -0.589209 -0.0868715 -0.253104
307 -624.971  67.7093    25.56 0.763795 -0.595036 -0.0780341 -0.237611
308 -619.163  59.4839  17.8437 0.772108 -0.595613 -0.0776458 -0.207521
309 -613.546  51.1358   10.352 0.769418 -0.602338 -0.0695492 -0.200867
310 -608.031  42.6894  3.05318 0.767046 -0.606821 -0.0639118 -0.1983
311 -602.729  34.1123 -3.84993 0.770251 -0.608935 -0.0629514 -0.17874
312 -597.569  25.4108 -10.4493 0.767977 -0.615441 -0.0587943 -0.167289
313 -592.512  16.5958 -16.6954 0.765915 -0.619659 -0.047925 -0.164621
314 -587.612  7.68921 -22.5792 0.763498 -0.623584 -0.0342702 -0.164434
315 -582.844 -1.34433 -28.2083 0.764297 -0.62635 -0.0293449 -0.150581
316 -578.209 -10.3108  -33.482 0.762366 -0.63222 -0.0243675 -0.136024
317 -573.845 -19.3396 -38.4513 0.762485 -0.6359 -0.0227018 -0.117186
318 -569.611  -28.438 -43.1363 0.75822 -0.64051 -0.00813418 -0.121582
319 -565.508 -37.5769  -47.484 0.750866 -0.64857 0.00740141 -0.124508
320 -561.562 -46.7536 -51.4968 0.743121 -0.654725 0.0230539 -0.136291
321 -557.758 -55.9404 -55.2018 0.730352 -0.662069 0.0482993 -0.160992
322 -554.214 -65.0572 -58.5865 0.720488 -0.667269 0.0680279 -0.17613
323 -550.797 -74.2122 -61.6678 0.715624 -0.669335 0.0822081 -0.181973
324 -547.658   -83.38 -64.4653 0.709616 -0.672756 0.0962565 -0.185954
325 -544.944 -92.4964 -67.0378 0.702606 -0.682341 0.0997716 -0.175501
326 -542.311 -101.634 -69.3032 0.700677 -0.687281 0.10545 -0.15993
327 -539.918 -110.682 -71.2756 0.695841 -0.690901 0.116713 -0.157604
328 -537.757 -119.586 -72.9096 0.695674 -0.69461 0.117125 -0.140845
329 -535.808 -128.563 -74.2909 -0.688506 0.699554 -0.132618 0.137829
330 -534.114  -137.55 -75.4404 -0.68128 0.701762 -0.149344 0.145201
331 -532.597 -146.202 -76.2249 -0.676813 0.704595 -0.155033 0.146406
332 -531.312 -154.872  -76.765 -0.671584 0.706216 -0.1679 0.14847
333 -530.359 -163.422 -77.0406 -0.666659 0.708106 -0.179771 0.147763
334 -529.547 -171.847 -76.9858 -0.669077 0.708592 -0.181108 0.132032
335 -529.155 -180.183 -76.8082 -0.660346 0.718101 -0.181426 0.123928
336 -528.891 -188.371 -76.2819 -0.657596 0.720037 -0.184929 0.12213
337 -528.899 -196.447 -75.5166 -0.652735 0.728792 -0.178668 0.104293
338 -529.162 -204.434 -74.5316 -0.647107 0.733647 -0.181134 0.101023
339 -529.548  -212.21 -73.1914 -0.644276 0.74049 -0.170544 0.0865934
340 -530.118 -219.844 -71.5439 -0.635804 0.745591 -0.183503 0.0785736
341 -530.881 -227.304  -69.619 -0.629158 0.753291 -0.181782 0.0605645
342  -531.83   -234.6 -67.4531 -0.622093 0.756685 -0.192412 0.0583635
343 -533.017 -241.732 -65.0376 -0.614289 0.761171 -0.198597 0.0618612
344 -534.377 -248.688 -62.3247 -0.60548 0.768398 -0.19826 0.0604229
345 -535.855 -255.467 -59.3451 -0.596863 0.778902 -0.185891 0.0501041
346 -537.511  -262.06 -56.0922 -0.592391 0.783037 -0.182205 0.0522158
347 -539.349 -268.488 -52.5306 -0.591745 0.782922 -0.184421 0.0534754
348 -541.312  -274.75 -48.7025 -0.594817 0.776084 -0.201491 0.057344
349 -543.584 -280.776 -44.6521 -0.593185 0.769463 -0.228036 0.0637072
350 -546.025 -286.605 -40.3399 -0.595535 0.756132 -0.262248 0.0694906
351 -548.715 -292.176  -35.819 -0.591741 0.74779 -0.293674 0.0663959
352 -551.683 -297.507 -31.1067 -0.588582 0.736716 -0.326423 0.0653377
353  -554.83 -302.597 -26.1865 -0.588146 0.723806 -0.355074 0.0641167
354 -558.253 -307.546 -21.1107 -0.585983 0.713435 -0.378952 0.0634838
355  -561.94 -312.149 -15.9474 -0.583638 0.696244 -0.411821 0.0708186
356 -565.912 -316.498 -10.6416 -0.575999 0.690905 -0.431058 0.0711606
357 -570.145 -320.559 -5.19147 -0.569952 0.688996 -0.441977 0.071388
358 -574.713 -324.382 0.268969 -0.566605 0.671885 -0.470428 0.0789148
359 -579.625 -327.876  5.78126 -0.561472 0.654459 -0.499602 0.0826447
360 -584.766 -331.074  11.3901 -0.557149 0.646735 -0.514311 0.0824829
361 -590.233 -333.922  16.9977 -0.551607 0.641208 -0.527339 0.0805894
362 -596.015 -336.524  22.6247 -0.542923 0.638693 -0.539902 0.0762371
363 -602.117 -338.855  28.2418 -0.533828 0.63221 -0.556778 0.0730543
364 -608.515 -340.796  33.7887 -0.52048 0.629778 -0.572419 0.0694113
365 -615.281 -342.429  39.2508 -0.503256 0.619468 -0.598985 0.0648812
366  -622.26 -343.726  44.7607 0.49307 -0.613664 0.614031 -0.057141
367 -629.522 -344.602  50.1763 0.480181 -0.609697 0.628728 -0.0489572
368 -637.102 -345.179  55.4412 0.459338 -0.604089 0.649969 -0.0403036
369 -644.895 -345.285  60.5286 0.446388 -0.584899 0.676454 -0.0322552
370 -652.956 -345.189  65.6002 0.429237 -0.578873 0.692843 -0.0250862
371 -661.285 -344.648   70.439 0.410277 -0.56223 0.717901 -0.0136932
372 -669.867  -343.71  74.9332 0.381252 -0.556472 0.738182 -0.00858112
373 -678.589 -342.289   79.281 0.365021 -0.531874 0.764083 0.00689711
374 -687.542 -340.561  83.2352 0.340746 -0.520643 0.78271 0.0137515
375 -696.674 -338.505   86.978 0.314862 -0.507969 0.801388 0.024636
376 -705.947 -336.066  90.3743 0.289465 -0.498084 0.816699 0.0335554
377 -715.304  -333.18  93.4974 0.264247 -0.494999 0.826387 0.047258
378  -724.77 -329.975  96.1773 0.23221 -0.484615 0.841213 0.0598956
379 -734.362   -326.5  98.4818 0.20115 -0.479068 0.851741 0.0675995
380 -744.017 -322.668   100.36 0.172518 -0.45879 0.86812 0.0782083
381 -753.711 -318.469  101.812 0.142797 -0.432873 0.885426 0.090835
382 -763.289 -314.011  102.769 0.109992 -0.413706 0.897758 0.103826
383 -772.818 -309.213   103.25 0.0753834 -0.398021 0.906701 0.117432
384 -782.325 -304.153  103.359 0.0431587 -0.392799 0.90955 0.128709
385  -791.71 -298.848  102.967 0.0108934 -0.389038 0.911073 0.135929
386 -800.988  -293.32  102.141 -0.0230594 -0.382042 0.912482 0.144533
387 -810.103 -287.551  100.877 -0.057046 -0.372642 0.913232 0.154566
388 -819.048  -281.59  99.0533 -0.0937304 -0.369871 0.910389 0.160003
389 -827.792 -275.369  96.9222 -0.122347 -0.358876 0.90916 0.172242
390 -836.309 -269.019  94.2649 -0.157981 -0.345314 0.907473 0.179703
391 -844.608 -262.485  91.1992 -0.193155 -0.340387 0.900921 0.187535
392 -852.587 -255.749  87.7572 -0.227176 -0.329122 0.89493 0.197914
393 -860.334 -248.979  83.8551 -0.261484 -0.324907 0.886752 0.199328
394 -867.736 -242.069  79.4944 -0.296319 -0.316586 0.877349 0.205494
395 -874.782 -235.056  74.8177 -0.325772 -0.29843 0.869823 0.21959
396 -881.605 -228.194    69.66 -0.357018 -0.286178 0.863203 0.213356
397 -888.025 -221.103  64.2729 -0.384203 -0.270337 0.856192 0.215038
398 -893.912 -214.085  58.6391 -0.411238 -0.246715 0.846916 0.229669
399 -899.637 -206.846  52.4721 -0.442041 -0.235595 0.833803 0.232094
400 -904.811  -199.84  46.0124 -0.475527 -0.224968 0.818177 0.232057
401 -909.627 -192.843  39.3111 -0.506538 -0.211454 0.80357 0.230177
402 -913.997 -185.844   32.321 -0.537883 -0.202254 0.786035 0.227868
403 -918.006 -179.041  25.1682 -0.567864 -0.20271 0.767223 0.218652
404 -921.571 -172.294  17.7546 -0.596497 -0.196894 0.748312 0.213197
405 -924.671 -165.643  10.2408 -0.627764 -0.208623 0.723649 0.196778
406 -927.389 -159.028  2.58319 -0.651906 -0.208489 0.703692 0.190705
407 -929.661   -152.5 -5.17719 -0.671817 -0.202566 0.685434 0.194447
408  -931.46 -146.127 -13.0198 0.693858 0.197078 -0.665361 -0.192397
409 -932.869 -139.846 -20.9325 0.713281 0.190497 -0.646504 -0.192285
410 -933.806 -133.686 -28.8944 0.734581 0.187175 -0.624267 -0.188806
411 -934.372 -127.671 -36.8681 0.752265 0.17772 -0.606297 -0.18686
412 -934.506 -121.801 -44.8675 0.767246 0.174607 -0.590353 -0.179804
413 -934.221 -116.072 -52.8278 0.783019 0.171222 -0.572678 -0.172057
414 -933.515  -110.47 -60.6966 0.799572 0.176694 -0.550878 -0.161238
415 -932.466 -104.939 -68.5313 0.812286 0.176346 -0.533627 -0.155999
416 -931.007 -99.5931 -76.2695 0.829087 0.175822 -0.511983 -0.139914
417  -929.18 -94.3543 -83.8625 0.844322 0.17938 -0.489849 -0.12244
418 -926.983  -89.191 -91.2294 0.856818 0.186286 -0.467387 -0.112734
419  -924.46 -84.2186 -98.5543 0.86771 0.182279 -0.450854 -0.102877
420 -921.595 -79.3013 -105.627 0.878208 0.176271 -0.433362 -0.0993803
421 -918.415 -74.5453 -112.551 0.88731 0.167796 -0.41976 -0.0912567
422 -914.928 -69.9029 -119.201 0.896552 0.171075 -0.400994 -0.0783086
423 -911.154 -65.2932 -125.594 0.904976 0.171842 -0.382277 -0.0731614
424 -907.005 -60.7711 -131.896 0.913613 0.166123 -0.365136 -0.0662642
425 -902.782 -56.4977 -137.696 0.920529 0.168717 -0.348003 -0.0552734
426 -898.206 -52.2678 -143.363 0.925988 0.162182 -0.335945 -0.0581792
427 -893.392 -48.1516 -148.786 0.930787 0.160867 -0.322982 -0.0586533
428 -888.346 -44.1401 -153.954 0.934767 0.155832 -0.312291 -0.0663418
429 -883.091 -40.2079 -158.831 0.938496 0.146914 -0.303228 -0.0754666
430 -877.612 -36.3588  -163.41 0.941001 0.139089 -0.293451 -0.0951725
431 -871.914 -32.6787 -167.721 0.943771 0.135142 -0.284698 -0.0999007
432 -866.016 -29.1327 -171.749 0.94996 0.133497 -0.268996 -0.0860019
433 -859.954 -25.7025 -175.453 0.953454 0.132223 -0.25702 -0.0859279
434 -853.748 -22.3711 -178.843 0.958528 0.133861 -0.239929 -0.0757655
435 -846.944 -19.0552 -182.177 0.962812 0.123821 -0.227534 -0.0767374
436 -840.285 -15.9598 -185.004 0.9669 0.11689 -0.213038 -0.0778194
437 -834.154 -13.3377 -187.343 0.969191 0.105876 -0.202329 -0.0923116
438 -827.393 -10.6176 -189.515 0.975346 0.100032 -0.181651 -0.0754777
439 -820.521 -8.06493 -191.406 0.979148 0.0892665 -0.167681 -0.0719956
440 -813.581 -5.58491  -192.95 0.982535 0.0801138 -0.152863 -0.069573
441 -806.564 -3.20988 -194.158 0.984734 0.0718997 -0.135465 -0.0823377
442  -799.481 -0.977218  -195.078 0.988463 0.0660264 -0.115287 -0.0727342
443 -792.382  1.07282 -195.639 0.989528 0.0584055 -0.104057 -0.0812151
444 -785.254  2.93818 -195.858 0.99081 0.0482711 -0.0942537 -0.0841507
445 -778.122  4.70349 -195.756 0.992358 0.0383851 -0.0744419 -0.090615
446 -771.011  6.42015 -195.306 0.994701 0.0263171 -0.0520105 -0.0846913
447 -763.944  7.94314 -194.476 0.994732 0.0212402 -0.0347554 -0.0940715
448 -756.929  9.27648 -193.378 0.995804 0.00652249 -0.0261432 -0.0874529
449 -749.957  10.4932 -191.921 0.996076 0.000997216 -0.0179745 -0.0866561
450 -743.044  11.5399 -190.174 0.995412 0.00378069 -0.0128339 -0.0947443
451 -736.189  12.4409 -188.105 0.994088 0.00810949 -0.0109487 -0.107722
452  -729.41  13.1357 -185.721 0.993531 0.00343659 -0.00562636 -0.113372
453 -722.704  13.5839 -183.052 0.990373 0.00133689 0.00166375 -0.138408
454 -716.084  13.8478  -180.06 0.984826 0.00865029 0.0179844 -0.172396
455  -709.55  13.9175 -176.802 0.981036 0.0137365 0.0272119 -0.191414
456 -703.153  13.6821 -173.288 0.974801 0.0129534 0.0435908 -0.218394
457 -696.958   13.204 -169.587 0.966829 0.0144797 0.0621704 -0.247321
458 -690.665  12.3962  -165.56 0.957984 0.0107232 0.0827494 -0.274415
459 -684.615   11.299 -161.375 0.949992 0.00814602 0.101721 -0.29513
460 -678.725  9.87512 -157.021 0.939211 0.00821389 0.122885 -0.32049
461 -672.997  8.19138 -152.475 0.929076 0.013641 0.140775 -0.341781
462 -667.394  6.11704 -147.798 0.920187 0.0123125 0.153831 -0.359779
463 -662.058  3.70277     -143 0.906453 0.0137301 0.177401 -0.382992
464 -656.873 0.930676 -138.106 0.895082 0.00990196 0.194696 -0.401027
465 -651.885  -2.1869  -133.13 0.885148 0.00226689 0.211914 -0.414246
466 -647.121   -5.674 -128.114 0.871996 -0.00893904 0.232526 -0.430668
467 -642.625 -9.49352 -123.016 0.854462 -0.00779497 0.258228 -0.450724
468 -638.227 -13.7754 -117.731 0.840845 -0.0174798 0.281189 -0.462176
469 -634.391 -18.1691 -112.819 0.823411 -0.029278 0.304432 -0.477973
470 -630.744 -23.0654 -107.765 0.808711 -0.0451042 0.327127 -0.486765
471 -627.392 -28.2723 -102.753 0.793963 -0.0593012 0.349371 -0.494011
472 -624.329  -33.845  -97.908 -0.772792 0.0737748 -0.369109 0.510988
473 -621.653 -39.7097 -93.1276 -0.749481 0.0799504 -0.395722 0.524681
474 -619.303 -45.8401 -88.5078 -0.725315 0.0829186 -0.41899 0.539898
475 -617.313 -52.3057  -84.095 -0.69819 0.0942222 -0.443524 0.554021
476 -615.714 -58.9043 -80.0178 -0.666872 0.104903 -0.468924 0.569551
477 -614.415 -65.8969 -76.0649 -0.640729 0.118838 -0.489983 0.579016
478 -613.539 -73.1002 -72.4341 -0.616549 0.137269 -0.510362 0.583571
479 -612.989 -80.4401 -68.9384 -0.592045 0.148711 -0.534294 0.58472
480 -612.833 -87.9031 -65.8573 -0.560548 0.158059 -0.55933 0.589876
481 -613.034 -95.5378 -63.1022 -0.53041 0.171433 -0.579319 0.594698
482 -613.595 -103.285 -60.5297 -0.496243 0.168346 -0.608506 0.595922
483 -614.525 -111.136 -58.4797 -0.457643 0.178975 -0.630567 0.600762
484 -615.787 -119.004 -56.8477 -0.420837 0.193132 -0.64974 0.602856
485 -617.373 -126.934 -55.6601 -0.383762 0.210659 -0.666147 0.603819
486 -619.299 -134.873 -54.7186 -0.351645 0.223723 -0.687949 0.594155
487 -621.479 -142.744 -54.3639 -0.321393 0.252551 -0.698072 0.587895
488 -623.915 -150.546 -54.4314 -0.290166 0.279672 -0.705355 0.583148
489 -626.604 -158.265 -54.9541 -0.258835 0.305467 -0.713631 0.574826
490 -629.545  -165.86 -55.9325 -0.222427 0.330012 -0.720539 0.56784
491 -632.739 -173.251 -57.3525 -0.189284 0.353355 -0.725697 0.559174
492 -636.132 -180.428 -59.2153 -0.150284 0.378174 -0.73024 0.54877
493 -639.712 -187.346  -61.493 -0.111137 0.403434 -0.732021 0.53762
494  -643.48 -193.995 -64.1933 -0.0729278 0.425781 -0.729836 0.529841
495 -647.387 -200.346 -67.2826 -0.0296531 0.443742 -0.730247 0.518608
496 -651.425 -206.364 -70.7497 0.00843663 0.468307 -0.722139 0.509051
497 -655.566 -212.052 -74.5564 -0.0449549 -0.48269 0.71896 -0.498082
498 -659.794 -217.348 -78.6717 -0.0799035 -0.501574 0.711423 -0.485712
499 -664.068 -222.242 -83.1081 -0.118644 -0.516138 0.704398 -0.472598
500 -668.367 -226.688 -87.8117 -0.154335 -0.535097 0.692662 -0.458336
501 -672.702  -230.64 -92.7312 -0.191602 -0.548939 0.684205 -0.440248
502 -677.028 -234.212 -97.7761 -0.215013 -0.567136 0.671392 -0.425863
503 -681.456 -237.405 -103.094 -0.248598 -0.569617 0.666828 -0.411188
504  -685.71 -240.154 -108.595 -0.278991 -0.576744 0.656708 -0.397825
505 -689.895 -242.442  -114.22 -0.308936 -0.588948 0.640083 -0.384698
506 -694.091  -244.27 -119.879 -0.330853 -0.59773 0.631613 -0.366497
507 -698.156 -245.663 -125.666 -0.353968 -0.608757 0.615141 -0.354573
508 -702.082 -246.645 -131.513 0.38219 0.610772 -0.606908 0.335486
509 -705.958 -247.211 -137.401 0.404709 0.610086 -0.601183 0.320289
510 -709.646 -247.341  -143.32 0.424678 0.614259 -0.587544 0.31165
511 -713.167  -247.07 -149.225 0.448192 0.619465 -0.57021 0.300413
512 -716.573 -246.403 -155.143 0.467474 0.628999 -0.548791 0.290958
513   -719.8  -245.34 -161.007 0.487911 0.630059 -0.534936 0.280736
514 -722.847 -243.904 -166.794 0.504404 0.635223 -0.515707 0.275886
515 -725.756 -242.082 -172.502 0.522143 0.637655 -0.496379 0.27271
516 -728.524 -239.906 -178.085 0.534276 0.646384 -0.472632 0.270843
517 -731.071 -237.369 -183.535 0.550636 0.645145 -0.460589 0.261622
518  -733.53 -234.491 -188.857 0.562827 0.650591 -0.437917 0.261122
519 -735.816  -231.29 -193.991 0.575363 0.653654 -0.4211 0.25371
520 -737.919 -227.789 -198.945 0.584932 0.660503 -0.397631 0.251952
521 -739.918 -223.945 -203.703 0.597406 0.663302 -0.37965 0.242905
522 -741.798 -219.809 -208.212 0.610907 0.664389 -0.364204 0.229641
523 -743.554 -215.412 -212.495 0.622021 0.668465 -0.343114 0.220268
524 -745.083  -210.78 -216.612 0.636707 0.665759 -0.328316 0.208752
525 -746.502 -205.894 -220.465 0.649164 0.66712 -0.304899 0.201431
526 -747.814 -200.785 -224.023 0.661879 0.666572 -0.286321 0.188725
527 -748.967 -195.483 -227.295 0.677626 0.658612 -0.283068 0.164094
528 -749.939 -189.987 -230.333 0.692131 0.655503 -0.262963 0.14873
529   -750.8  -184.34 -233.051 0.703323 0.65309 -0.24481 0.137397
530 -751.516 -178.567  -235.47 0.714354 0.650327 -0.226764 0.123897
531 -752.125  -172.64 -237.588 0.722971 0.651091 -0.201127 0.113756
532 -752.631 -166.606 -239.386 0.733194 0.650162 -0.163856 0.113433
533 -752.956 -160.528 -240.852 0.744342 0.64417 -0.14281 0.102982
534 -753.256 -154.393 -241.973 0.749186 0.643739 -0.130505 0.0853774
535 -753.395 -148.227 -242.775 0.759116 0.638246 -0.106837 0.070508
536 -753.523 -142.057 -243.226 0.76572 0.635278 -0.0789705 0.0621138
537 -753.541 -135.875 -243.322 0.770592 0.633071 -0.0581913 0.0449753
538 -753.545  -129.76 -243.053 0.771795 0.633821 -0.0448682 0.0243154
539 -753.496 -123.695 -242.466 0.774418 0.631853 -0.0306569 0.0099387
540 -753.443   -117.7 -241.528 0.775923 0.630825 -0.000559562 0.00200177
541 -753.324 -111.825 -240.209 0.778333 0.627316 0.0180391 -0.0186071
542 -753.133 -106.092 -238.567 0.781056 0.622258 0.0346463 -0.039321
543 -752.911 -100.484 -236.595 0.784077 0.616224 0.0437944 -0.0597725
544 -752.595 -95.0603 -234.328 0.78812 0.608715 0.0497426 -0.0765426
545 -752.247 -89.8193 -231.747 0.789767 0.60372 0.0569965 -0.0924268
546 -751.806 -84.7727 -228.855 0.795037 0.593943 0.0646543 -0.104724
547 -751.444 -79.9646 -225.643 0.793373 0.592718 0.0779232 -0.114774
548 -751.046 -75.3527  -222.13 0.795675 0.583785 0.104071 -0.123552
549  -750.53 -71.0016 -218.374 0.794215 0.57977 0.109509 -0.145245
550 -749.947 -66.6698 -214.173 0.791056 0.577113 0.118815 -0.16448
551 -749.357 -62.9093 -210.039 0.78876 0.57306 0.127357 -0.182316
552 -748.705 -59.2751 -205.493 0.789997 0.562335 0.144586 -0.196925
553  -748.02 -55.9386 -200.691 0.786337 0.556643 0.161009 -0.214239
554 -747.278 -52.9139 -195.673 0.781499 0.553978 0.17051 -0.230855
555 -746.525 -50.2176  -190.45 0.773835 0.551407 0.186052 -0.250029
556  -745.69 -47.8484 -185.047 0.767785 0.546773 0.195481 -0.270801
557 -744.804 -45.8279 -179.445 0.765511 0.536805 0.207077 -0.288014
558 -743.831 -44.1338  -173.43 0.759846 0.528123 0.218795 -0.309596
559 -742.882 -42.9389 -167.802 0.754491 0.520749 0.226311 -0.329162
560  -741.93 -42.1383 -161.796 0.744413 0.517472 0.237111 -0.349071
561 -740.891  -41.776 -155.723 0.733872 0.510571 0.248031 -0.373136
562  -739.72 -41.8091  -149.61 0.723687 0.501398 0.258614 -0.397488
563 -738.567 -42.2371 -143.425 0.71329 0.495521 0.270103 -0.415598
564 -737.377 -43.1029 -137.218 0.710663 0.475474 0.288389 -0.430946
565 -736.169 -44.3944 -131.007 0.698713 0.469819 0.300484 -0.448084
566 -734.902 -46.1083 -124.793 0.68263 0.465563 0.310171 -0.470172
567 -733.655 -48.2814 -118.628 0.668486 0.45652 0.324535 -0.489279
568  -732.35 -50.9563 -112.597 -0.653488 -0.44778 -0.336768 0.508955
569  -731.04 -54.0642 -106.653 -0.63544 -0.435781 -0.353862 0.530181
570 -729.696 -57.6137 -100.841 -0.611251 -0.427824 -0.369277 0.554051
571 -728.313 -61.6149 -95.2499 -0.589894 -0.417292 -0.382144 0.576071
572 -726.881 -66.0745 -89.8342 -0.569325 -0.397822 -0.397567 0.599622
573 -725.468 -70.9829 -84.6713 -0.548895 -0.376775 -0.413432 0.621151
574 -724.016 -76.2474 -79.7311 -0.519909 -0.365991 -0.429816 0.641095
575 -722.542  -81.935 -75.1395 -0.492549 -0.35565 -0.441291 0.660433
576 -721.018 -88.0175 -70.8866 -0.465479 -0.338339 -0.452867 0.681005
577 -719.493 -94.3933  -67.065 -0.436242 -0.312546 -0.46769 0.702335
578 -717.827 -101.142 -63.6475 -0.404587 -0.279517 -0.479004 0.727141
579 -716.101  -108.32 -60.5449 -0.369942 -0.253631 -0.491639 0.746395
580 -714.476 -115.634 -58.0291 -0.341936 -0.219369 -0.505624 0.761119
581 -712.762 -123.202 -55.9452 -0.310239 -0.187928 -0.513597 0.777594
582 -711.026  -130.96 -54.3519 -0.271222 -0.160054 -0.523794 0.791493
583 -709.313  -138.83 -53.4273 -0.242027 -0.124736 -0.53189 0.801846
584  -707.63 -146.763 -53.0408 -0.202995 -0.0942394 -0.540049 0.811331
585 -705.911  -154.84 -53.1721 -0.174764 -0.0547968 -0.542508 0.819841
586 -704.226 -162.869 -53.8676 -0.149209 -0.0140194 -0.544054 0.825558
587 -702.557 -170.932 -55.0196 -0.127393 0.0259125 -0.543731 0.82913
588  -700.94 -178.939 -56.7647 -0.108586 0.069308 -0.538062 0.833003
589 -699.364 -186.856 -59.0282 -0.0912574 0.113327 -0.530606 0.835037
590 -697.969 -194.689 -61.7987 -0.063766 0.151795 -0.530525 0.831526
591 -696.643 -202.395 -65.0941 -0.0380761 0.192434 -0.52805 0.826246
592 -695.432 -209.864  -68.928 -0.0121765 0.230534 -0.520927 0.821791
593  -694.43 -217.145 -73.1814 0.014206 0.263049 -0.52166 0.811464
594 -693.568 -224.159 -77.8394 0.0300022 0.305757 -0.511746 0.802327
595 -692.821 -230.994 -82.9331 0.0462133 0.343074 -0.502547 0.792219
596 -692.246  -237.52 -88.3772 0.0651828 0.370544 -0.497374 0.781708
597 -691.844 -243.831 -94.2453 0.0717985 0.407182 -0.480837 0.773203
598  -691.61 -249.716 -100.413 0.0860528 0.43639 -0.470035 0.762382
599 -691.562 -255.337 -106.939 0.103906 0.467003 -0.458959 0.748644
600 -691.741 -260.599 -113.753 0.123091 0.500201 -0.446207 0.731811
601 -692.184 -265.512 -120.844 0.136943 0.53236 -0.435333 0.712969
602 -692.813 -270.038 -128.134 0.157853 0.564075 -0.422556 0.691627
603 -693.706 -274.205 -135.576 0.180551 0.592292 -0.412513 0.66815
604  -694.82 -278.037 -143.155 0.188539 0.625943 -0.392744 0.646839
605 -696.116 -281.442 -150.848 0.206761 0.650398 -0.378106 0.625515
606 -697.607 -284.425 -158.607 0.227904 0.673152 -0.36432 0.601828
607 -699.378 -287.098 -166.433 0.242009 0.694316 -0.355569 0.576998
608 -701.343 -289.375 -174.341 0.258129 0.712392 -0.346584 0.552943
609 -703.423  -291.19 -182.001 0.272329 0.728691 -0.330656 0.534334
610 -705.686 -292.649 -189.725 0.287356 0.74561 -0.315352 0.511904
611 -708.136  -293.76 -197.356 0.299595 0.760516 -0.307366 0.487221
612 -710.733 -294.471 -204.837 0.313831 0.777122 -0.295175 0.458763
613  -713.47 -294.838  -212.22 0.332492 0.789619 -0.285208 0.429659
614 -716.299 -294.877 -219.454 0.348252 0.80103 -0.263723 0.409294
615 -719.215 -294.576  -226.48 0.35864 0.814373 -0.240665 0.387627
616 -722.262  -293.99 -233.258 0.363472 0.828317 -0.219609 0.365445
617 -725.462 -293.154 -239.808 0.363767 0.8418 -0.201825 0.343966
618 -728.711 -292.051 -246.106 0.367774 0.853163 -0.182112 0.322009
619 -732.066 -290.686 -252.144 0.372292 0.86067 -0.172817 0.301298
620 -735.503 -289.142 -257.819 0.37425 0.868163 -0.162496 0.282532
621 -739.001 -287.365 -263.292 0.369396 0.881187 -0.134126 0.262803
622 -742.449 -285.376 -268.387 0.37766 0.883133 -0.125781 0.248251
623 -745.952 -283.208 -273.237 0.3848 0.885711 -0.115274 0.232717
624 -749.505   -280.9 -277.706 0.394166 0.885426 -0.118302 0.216005
625 -753.108 -278.467 -281.894 0.397687 0.888626 -0.118212 0.195488
626 -756.738 -275.879 -285.737 0.402424 0.890401 -0.119284 0.176102
627  -760.33 -273.191  -289.19 0.412405 0.889464 -0.119349 0.156628
628   -763.9 -270.312 -292.386 0.419059 0.890297 -0.109867 0.140322
629 -767.392  -267.35 -295.203 0.424241 0.891413 -0.0939031 0.128783
630 -770.844 -264.276 -297.718 0.431328 0.891485 -0.0787561 0.114049
631  -774.18 -261.193 -299.824 0.435993 0.892007 -0.0587784 0.10382
632 -777.606 -257.952 -301.662 0.442612 0.891087 -0.0428049 0.0907004
633   -780.9 -254.744 -303.108 0.449076 0.889934 -0.0390836 0.0694327
634 -784.132  -251.51 -304.204 0.455852 0.88783 -0.0339368 0.0529584
635 -787.296 -248.291 -304.951 0.456674 0.888464 -0.0203924 0.0407891
636 -790.391 -245.128 -305.314 0.457536 0.888823 -0.00266937 0.0254487
637 -793.356 -241.987 -305.359 0.462179 0.886571 0.0171848 0.00931324
638 -796.238 -238.906 -305.067 0.467289 0.883403 0.0342734 -0.00814575
639  -799.03 -235.896 -304.443 0.471201 0.880071 0.0512612 -0.0285947
640 -801.705 -233.009  -303.48 0.475657 0.874921 0.0748367 -0.0516033
641 -804.248  -230.24  -302.19 0.484261 0.866099 0.0985933 -0.075121
642 -806.686 -227.631 -300.617 0.48499 0.858838 0.127313 -0.104752
643 -809.013 -225.162 -298.751 0.485768 0.85096 0.146507 -0.13577
644 -811.192 -222.905 -296.609 0.488217 0.839661 0.173904 -0.162392
645 -813.259 -220.856 -294.225 0.486785 0.832825 0.190062 -0.182534
646 -815.135 -219.074 -291.581 0.48742 0.820576 0.208897 -0.213162
647  -816.86 -217.626 -288.722 0.486011 0.806597 0.235101 -0.240669
648 -818.428 -216.475 -285.666 0.4816 0.792857 0.257925 -0.270028
649 -819.837 -215.639 -282.449 0.478835 0.781772 0.272602 -0.291955
650 -821.073 -215.132 -279.075 0.470845 0.770837 0.290011 -0.316241
651 -822.092 -215.002 -275.615 0.468357 0.757132 0.305341 -0.337875
652 -822.943 -215.228  -272.04 0.459399 0.750855 0.311184 -0.358237
653  -823.63 -215.871 -268.436 0.455497 0.73426 0.333564 -0.376988
654 -824.103 -216.871 -264.768 0.441283 0.722786 0.345964 -0.403929
655 -824.354 -218.247 -261.076 0.434456 0.715457 0.349628 -0.420867
656 -824.368 -219.997 -257.398 0.426505 0.704875 0.35325 -0.443237
657 -824.158 -222.124 -253.738 0.421836 0.694522 0.354724 -0.462455
658  -823.71 -224.628 -250.084 0.407841 0.691401 0.352676 -0.480884
659 -823.007 -227.518 -246.533 0.394425 0.687585 0.355198 -0.495469
660 -822.034 -230.774 -243.046 -0.387682 -0.678666 -0.352846 0.514408
661 -820.785 -234.406 -239.721 -0.375909 -0.664521 -0.358424 0.537249
662 -819.285 -238.363 -236.474 -0.355628 -0.657217 -0.367209 0.553852
663 -817.464 -242.639 -233.351 -0.343701 -0.645231 -0.3683 0.57437
664 -815.418 -247.255 -230.313 -0.334662 -0.632635 -0.370334 0.592137
665 -813.002 -252.167 -227.523 -0.317657 -0.62215 -0.371401 0.611625
666 -810.235 -257.357  -224.97 -0.300714 -0.608234 -0.369137 0.635106
667 -807.159 -262.848   -222.7 -0.276262 -0.592875 -0.371204 0.65908
668 -803.835 -268.642 -220.635 -0.240025 -0.576268 -0.378042 0.683658
669 -800.194 -274.653  -218.94 -0.217768 -0.55752 -0.380716 0.704843
670 -796.279 -280.934 -217.566 -0.206254 -0.53307 -0.38363 0.725344
671 -792.046 -287.507 -216.545 -0.175678 -0.51234 -0.39185 0.743706
672 -787.549 -294.152 -215.847 -0.147601 -0.494796 -0.395663 0.759501
673 -782.764 -301.017 -215.562 -0.118145 -0.46725 -0.401656 0.778712
674 -777.688 -307.995 -215.691 -0.100751 -0.441883 -0.401363 0.795925
675 -772.319 -315.104 -216.305 -0.0917681 -0.413115 -0.40204 0.81196
676   -766.8 -322.393 -217.465 -0.090361 -0.378779 -0.404887 0.827302
677 -760.908 -329.651 -218.963 -0.0528934 -0.359125 -0.407767 0.837829
678 -754.842 -336.998 -220.928 -0.0382626 -0.32918 -0.407124 0.851132
679 -748.667   -344.3 -223.481 -0.010113 -0.288571 -0.409221 0.865542
680 -742.324 -351.425 -226.687 0.0044519 -0.247125 -0.403941 0.880761
681 -735.581 -358.775 -230.413 0.021879 -0.20468 -0.398838 0.893619
682 -728.753 -365.715 -234.544 0.0297676 -0.162397 -0.382553 0.909062
683 -721.827 -372.601 -239.182 0.0469194 -0.121517 -0.370159 0.91979
684 -714.898 -379.326 -244.405 0.0659267 -0.0810077 -0.360777 0.926785
685 -707.984 -385.932 -250.169 0.0794515 -0.024408 -0.348481 0.933624
686 -701.021 -392.327 -256.384 0.103203 0.0234815 -0.337861 0.935226
687 -694.185  -398.59 -263.122 0.107772 0.0701564 -0.33013 0.935135
688 -687.304 -404.476 -270.281 0.12671 0.116491 -0.316034 0.933004
689  -680.52 -410.086  -277.92 0.148686 0.164048 -0.296905 0.928885
690 -673.914 -415.482 -285.953 0.171694 0.207962 -0.289111 0.918525
691 -667.424 -420.568 -294.407 0.182307 0.257522 -0.272893 0.908832
692 -661.034 -425.505 -303.171 0.186816 0.298623 -0.257459 0.899799
693 -654.883 -429.811 -312.333 0.197722 0.346518 -0.231896 0.887162
694  -649.02 -433.994 -321.774 0.205713 0.387511 -0.21576 0.872333
695 -643.353 -438.006 -331.457 0.207854 0.426128 -0.202477 0.856863
696 -638.154 -441.577 -341.386 0.212984 0.469206 -0.188436 0.836048
697 -633.177 -444.895 -351.577 0.219081 0.508907 -0.175095 0.813854
698 -628.513  -447.89 -361.883 0.220401 0.545641 -0.158875 0.792753
699 -624.152 -450.636 -372.359 0.218252 0.580459 -0.142004 0.771537
700 -620.143 -453.122  -382.95 0.205682 0.61738 -0.121744 0.749477
701 -616.484 -455.329 -393.592 0.198344 0.649618 -0.104239 0.726492
702 -613.204 -457.256 -404.261 0.181342 0.68201 -0.0791204 0.704072
703 -610.315 -458.988 -414.945 0.160176 0.712407 -0.0539691 0.681107
704 -607.814 -460.552 -425.597 0.139394 0.740323 -0.0317173 0.656876
705 -605.669 -461.925 -436.201 0.112801 0.765959 -0.00911623 0.632851
706 -603.921 -463.198  -446.74 0.0845175 0.789632 0.0140897 0.607568
707 -602.579 -464.368 -457.165 0.0650054 0.808683 0.0292161 0.583911
708 -601.558 -465.398 -467.418 0.0464162 0.826285 0.0488717 0.559205
709 -600.779 -466.303 -477.601 0.0398204 0.836324 0.0639529 0.543034
710 -600.539 -467.297 -487.544 0.0272526 0.850303 0.0762449 0.520027
711 -600.608 -468.224 -497.369 0.0192408 0.863048 0.0829081 0.4979
712     -601 -469.137 -506.979 0.018102 0.873915 0.0835548 0.478502
713 -601.742 -470.044 -516.317 0.00796122 0.886275 0.0901896 0.454223
714 -602.751 -470.964 -525.431 -0.00213605 0.897907 0.102344 0.428116
715 -604.046 -471.911 -534.286 -0.015571 0.907904 0.114207 0.403019
716  -605.62 -472.843 -542.878 -0.0320993 0.915934 0.125926 0.379707
717  -607.44  -473.86 -551.201 -0.0362513 0.923561 0.114846 0.364047
718 -609.522 -474.962 -559.395 -0.0433033 0.931282 0.113616 0.343411
719 -611.723 -475.999 -566.935 -0.0478939 0.937446 0.125565 0.321147
720  -614.16  -477.19 -574.313 -0.0471661 0.941643 0.123294 0.309648
721 -616.779 -478.357 -581.398 -0.0494694 0.946838 0.124247 0.292597
722 -619.569 -479.601 -588.169 -0.0459377 0.95217 0.119061 0.277643
723 -622.498 -480.843 -594.594 -0.0515161 0.956944 0.122515 0.258058
724  -625.56 -482.155  -600.67 -0.0480536 0.960487 0.130946 0.240852
725  -628.73 -483.548 -606.411 -0.0473984 0.964411 0.132418 0.2239
726  -631.98 -484.961 -611.837 -0.0406328 0.969835 0.121685 0.20727
727 -635.322 -486.342   -616.9 -0.0383817 0.974494 0.113155 0.18996
728 -638.695 -487.859 -621.588 -0.045307 0.977503 0.117908 0.168918
729 -642.137 -489.399 -625.939 -0.062121 0.979377 0.128186 0.143284
730  -645.63 -490.917 -629.921 -0.0659923 0.980926 0.133769 0.124638
731 -649.124 -492.544 -633.565 -0.0695015 0.983335 0.130649 0.105607
732 -652.585 -494.155 -636.802 -0.0776431 0.986099 0.119104 0.085988
733 -656.116 -495.762  -639.75 -0.0827343 0.988099 0.110652 0.0676139
734 -659.567 -497.371 -642.315 -0.0933093 0.989764 0.0976424 0.0461047
735 -662.969 -498.974 -644.545 -0.109712 0.98889 0.0973859 0.0239755
736 -666.339 -500.493 -646.425 -0.118022 0.988581 0.0935835 0.00444029
737 -669.605 -502.008 -647.963 -0.129914 0.98657 0.0976432 -0.0163686
738 -672.779 -503.516 -649.172 -0.13548 0.984523 0.106085 -0.0332582
739 -675.825 -505.026 -650.032 -0.147908 0.981793 0.109038 -0.0481357
740 -678.756 -506.515 -650.558 -0.155843 0.980329 0.101585 -0.0659356
741 -681.538 -507.985 -650.751 -0.161683 0.979315 0.0888129 -0.0831415
742 -684.188 -509.466 -650.624 -0.169839 0.976776 0.090078 -0.0946003
743  -686.69 -510.898 -650.182 -0.171753 0.974375 0.0902014 -0.113831
744 -688.988   -512.3  -649.42 -0.170336 0.970733 0.0979519 -0.138085
745 -691.078 -513.684 -648.366 -0.168308 0.96372 0.106076 -0.177946
746 -692.946 -515.021 -647.023 -0.162029 0.956831 0.110831 -0.21433
747 -694.515 -516.337 -645.409 -0.157338 0.946319 0.117957 -0.256536
748 -695.785 -517.632  -643.56 -0.152734 0.935042 0.126593 -0.293843
749 -696.692 -518.873 -641.491 -0.155029 0.920435 0.123295 -0.336993
750 -697.269 -520.054 -639.245 -0.148239 0.90819 0.120862 -0.372302
751 -697.513 -521.213 -636.832 -0.14579 0.896002 0.121553 -0.401435
752 -697.389 -522.357 -634.274 -0.143391 0.883868 0.127766 -0.426489
753 -696.833 -523.472 -631.611 -0.141128 0.870597 0.130767 -0.452817
754 -695.873 -524.536 -628.845 -0.144084 0.857342 0.121072 -0.47911
755 -694.495 -525.516 -626.041 0.136439 -0.84582 -0.11199 0.503419
756 -692.686 -526.416  -623.18 0.153011 -0.829576 -0.1016 0.527322
757  -690.48 -527.164 -620.283 0.158961 -0.81494 -0.0875027 0.550407
758 -687.838 -527.859 -617.377 0.156709 -0.801548 -0.0807764 0.571347
759 -684.803 -528.364 -614.476 0.167098 -0.79294 -0.0701547 0.581724
760 -681.342  -528.72 -611.532 0.16506 -0.782118 -0.0549002 0.598358
761 -677.521 -528.936 -608.711 0.173463 -0.76523 -0.0456959 0.61826
762 -673.225 -529.048 -605.968 0.181838 -0.74527 -0.045213 0.639893
763 -668.554 -528.935 -603.285 0.197654 -0.724649 -0.0367974 0.659138
764 -663.498 -528.597 -600.691 0.196254 -0.709631 -0.0231335 0.676294
765 -658.045 -528.107 -598.255 0.205897 -0.690152 -0.0199315 0.693469
766 -652.234 -527.296 -595.967 0.21784 -0.669933 -0.00943739 0.70968
767     -646 -526.412 -593.918 0.218262 -0.647981 -0.00601321 0.729689
768 -639.461  -525.17 -592.113 0.237181 -0.61904 0.0014285 0.748687
769 -632.512 -523.716 -590.561 0.243093 -0.587513 0.00515578 0.771821
770 -625.278 -521.942  -589.33 0.239214 -0.560771 0.0177905 0.792462
771 -617.812  -519.88 -588.429 0.254297 -0.527689 0.0246931 0.810103
772 -610.025  -517.61 -587.757 0.258237 -0.499871 0.0310143 0.826124
773 -602.026 -514.971 -587.498 0.26068 -0.469605 0.0420531 0.842466
774 -593.773 -512.126 -587.591 0.258903 -0.44224 0.0540864 0.857011
775 -585.257 -509.115  -588.21 0.250955 -0.408328 0.0587579 0.875693
776 -576.563  -505.85  -589.16 0.232168 -0.386216 0.0653725 0.890316
777 -567.652 -502.219  -590.46 0.234539 -0.367347 0.0688849 0.897387
778 -558.745 -498.315 -592.268 0.226719 -0.33662 0.0822204 0.910234
779 -549.691 -494.234 -594.539 0.21713 -0.304293 0.0946906 0.922656
780 -540.526 -489.866 -597.249 0.211049 -0.279608 0.106104 0.930602
781 -531.384 -485.464 -600.592 0.182057 -0.252662 0.119601 0.942716
782 -522.025 -480.614 -604.382 0.167106 -0.221581 0.135344 0.951136
783  -512.81 -475.808 -608.839 0.140204 -0.18201 0.14806 0.961922
784 -503.647 -470.599 -613.566 0.131264 -0.146131 0.15572 0.968074
785 -494.675  -465.28 -618.991 0.112982 -0.107416 0.171827 0.972714
786 -485.831 -460.099 -624.565 0.120136 -0.0582389 0.172189 0.975975
787 -476.564 -454.407 -631.057 0.0881364 -0.030691 0.184967 0.978303
788 -467.992 -448.258 -637.775 0.101989 0.0136043 0.19558 0.975275
789 -459.369 -442.393 -645.158 0.108633 0.0583665 0.197361 0.972544
790  -451.22 -436.667 -653.107 0.087372 0.11632 0.20665 0.967539
791 -443.275 -430.657 -661.444 0.0811319 0.17179 0.208931 0.959298
792 -435.528  -424.66 -670.204 0.0646244 0.221672 0.219777 0.947831
793 -427.955 -418.688 -679.371 0.0466175 0.267389 0.231772 0.934137
794 -420.897 -412.651 -688.953 0.0279196 0.3122 0.245194 0.917405
795 -414.042 -406.613 -698.841 0.00758538 0.351493 0.266198 0.897515
796 -407.554 -400.622 -709.081 0.00362075 0.395572 0.271649 0.877335
797 -401.453 -394.767 -719.645 -0.0304188 0.429476 0.284524 0.856546
798 -395.604 -388.897 -730.606 -0.0496301 0.464895 0.299582 0.831661
799 -390.293  -383.34 -741.567 -0.0640666 0.499752 0.309593 0.806409
800 -385.419  -377.75 -752.841 -0.0818918 0.5332 0.325172 0.776695
801 -380.901 -372.286 -764.413 -0.110372 0.558847 0.343903 0.746485
802 -376.969 -367.084  -775.86 -0.133686 0.584356 0.359842 0.714961
803 -373.273 -362.144 -787.565 -0.170292 0.601172 0.372534 0.686157
804 -369.909 -357.443 -799.341 -0.204047 0.615881 0.38502 0.656365
805 -366.866 -353.063 -811.225 -0.233148 0.632073 0.393482 0.625538
806  -364.05 -348.894 -823.159 -0.254776 0.643803 0.398423 0.601553
807 -361.665 -345.135  -835.04 -0.28959 0.650271 0.407719 0.571884
808 -359.524 -341.736 -846.934 -0.324086 0.654926 0.415954 0.541317
809 -357.613 -338.578 -858.814 -0.345537 0.661609 0.417918 0.517902
810 -355.896 -335.798 -870.706 -0.367679 0.666075 0.421879 0.493127
811 -354.409 -333.464 -882.366 -0.379847 0.674414 0.421501 0.472461
812 -353.129 -331.439 -894.006 -0.393568 0.680853 0.418291 0.454507
813 -352.056 -329.752 -905.347 -0.390179 0.695781 0.410393 0.441846
814 -351.085 -328.408 -916.953 -0.390601 0.709661 0.399167 0.429508
815 -350.332 -327.382 -928.203 -0.399656 0.718114 0.393532 0.411971
816 -349.673 -326.787 -939.255 -0.427286 0.716034 0.40019 0.380224
817 -349.127 -326.582 -950.105 -0.440191 0.722047 0.391491 0.362786
818  -348.77 -326.614 -960.784 -0.445017 0.731817 0.383808 0.3451
819 -348.501  -326.98 -971.257 -0.447083 0.739266 0.377306 0.333532
820 -348.252 -327.685 -981.511 -0.442614 0.750333 0.371053 0.321579
821 -348.147 -328.682 -991.537 -0.437163 0.760557 0.36272 0.314445
822 -348.039     -330 -1001.31 -0.435859 0.767934 0.363647 0.296757
823 -348.195 -331.505 -1010.77 -0.446681 0.765911 0.365843 0.282871
824 -348.333 -333.349 -1020.11 -0.447955 0.769454 0.370847 0.264102
825 -348.521 -335.455 -1029.12 -0.454614 0.772442 0.370065 0.244361
826 -348.832 -337.763 -1037.92 -0.424444 0.795576 0.355636 0.245823
827 -349.067 -340.415 -1046.51 -0.408359 0.810203 0.348379 0.235468
828 -349.426  -343.26 -1054.68 -0.412261 0.811358 0.3575 0.209601
829 -349.768 -346.339 -1062.52 -0.427067 0.804986 0.364366 0.191963
830 -350.209 -349.645  -1070.2 -0.410831 0.818225 0.353284 0.192136
831 -350.683 -353.188 -1077.57 -0.393856 0.832102 0.343234 0.186213
832 -351.121 -356.965 -1084.67 -0.391411 0.83629 0.349811 0.158268
833 -351.529 -360.965 -1091.43 -0.397946 0.835108 0.354328 0.136692
834 -352.008 -365.162 -1097.88 -0.398904 0.837738 0.354871 0.114617
835 -352.429 -369.559 -1104.04 -0.399273 0.84117 0.350976 0.0991492
836   -352.8 -374.159 -1109.89 -0.399967 0.842117 0.352265 0.0823059
837 -353.089 -379.029 -1115.59 -0.397365 0.845579 0.34842 0.0755035
838 -353.266 -383.943 -1120.75 -0.400711 0.84426 0.350214 0.0632871
839 -353.416 -389.123 -1125.72 -0.40384 0.841802 0.355195 0.0460406
840 -353.475 -394.433 -1130.36 -0.401668 0.843982 0.354458 0.0267737
841 -353.487 -399.797  -1134.6 -0.39568 0.846272 0.356683 0.00617974
842 -353.357 -405.567 -1138.72 -0.392641 0.84498 0.362509 -0.020695
843 -353.076  -411.35 -1142.47 -0.388752 0.845385 0.362827 -0.0505213
844 -352.532 -417.329 -1145.96 -0.394685 0.837569 0.369036 -0.0807082
845 -351.792 -423.434 -1149.22 -0.396235 0.830687 0.374336 -0.113269
846 -350.863 -429.684  -1152.2 -0.40134 0.823053 0.379313 -0.132785
847 -349.613 -436.142 -1154.98 -0.41055 0.814908 0.380052 -0.151438
848 -348.156 -442.553 -1157.42 -0.415636 0.807716 0.37806 -0.178639
849 -346.437 -449.132 -1159.63 -0.413479 0.799536 0.376142 -0.21976
850  -344.37 -455.773 -1161.65 -0.416179 0.788115 0.37166 -0.259882
851 -341.911 -462.427 -1163.49 -0.421038 0.774865 0.362274 -0.301775
852 -339.247 -469.153 -1165.09 -0.420881 0.769151 0.358443 -0.320601
853 -336.215 -475.879 -1166.52 -0.425783 0.762433 0.348982 -0.340025
854 -332.851 -482.583 -1167.75 -0.434652 0.758299 0.338746 -0.348297
855 -329.124 -489.299 -1168.77 -0.438549 0.755902 0.325915 -0.360647
856 -325.059 -495.987 -1169.68 -0.440472 0.751142 0.315501 -0.377133
857 -320.644 -502.506 -1170.43 -0.447681 0.744916 0.302874 -0.391089
858 -315.813 -509.133 -1171.07 -0.451204 0.739725 0.290826 -0.405761
859  -310.57 -515.593 -1171.56 -0.454476 0.732202 0.273959 -0.42694
860 -305.082 -521.869 -1171.88 -0.457403 0.727652 0.256751 -0.442022
861 -299.172 -528.027  -1172.1 -0.46134 0.72281 0.239255 -0.455487
862 -292.936 -534.018 -1172.18 -0.469955 0.719209 0.219495 -0.46228
863 -286.314 -539.889 -1172.18 -0.477162 0.708333 0.201327 -0.479633
864 -279.345 -545.546  -1172.1 0.48653 -0.690575 -0.18664 0.501557
865 -272.056 -550.908 -1171.87 0.494049 -0.677956 -0.166904 0.518106
866 -264.474 -556.104 -1171.51 0.498101 -0.669132 -0.146899 0.53158
867 -256.481 -561.089 -1171.07 0.507386 -0.655761 -0.128222 0.544147
868 -248.367  -565.65 -1170.67 0.512174 -0.641383 -0.103462 0.561784
869 -239.759 -570.063 -1170.14 0.522039 -0.629664 -0.0831867 0.569279
870 -231.107 -574.046 -1169.54 0.530184 -0.62168 -0.0589498 0.573536
871 -222.041 -577.657 -1169.01 0.538174 -0.602474 -0.0372656 0.588223
872 -212.774 -580.921 -1168.45 0.553142 -0.588761 -0.013744 0.589241
873 -203.283 -583.825 -1167.81 0.565316 -0.570432 0.00611458 0.595808
874 -193.603 -586.324 -1167.17 0.572476 -0.55747 0.0327902 0.600353
875 -183.774 -588.407 -1166.55 0.576196 -0.540132 0.0588414 0.610568
876 -173.783 -590.074    -1166 0.57402 -0.510483 0.0834879 0.634774
877 -163.548 -591.326 -1165.57 0.586345 -0.491217 0.10231 0.635954
878 -153.466 -592.083 -1165.18 0.595683 -0.471392 0.124621 0.638296
879 -143.234 -592.358 -1164.85 0.596225 -0.442907 0.150006 0.65257
880  -133.01  -592.15 -1164.56 0.593522 -0.42039 0.175224 0.663552
881 -122.802 -591.507 -1164.38 0.607335 -0.393323 0.199186 0.660883
882 -112.564 -590.433 -1164.31 0.614348 -0.359884 0.224435 0.665349
883 -102.438 -588.909 -1164.34 0.619545 -0.328116 0.253674 0.666448
884 -92.3325 -587.017 -1164.44 0.620656 -0.29916 0.279133 0.66886
885 -82.3833 -584.674 -1164.73 0.610448 -0.271796 0.313172 0.674836
886 -72.6029 -581.854 -1165.27 0.590197 -0.245674 0.349813 0.684793
887 -62.9711 -578.669 -1166.02 0.576593 -0.210127 0.378511 0.692904
888 -53.5607 -575.105 -1166.92 0.567724 -0.180966 0.408308 0.691538
889 -44.3756  -571.19 -1168.07 0.554511 -0.152635 0.438199 0.690798
890 -35.5364 -566.867  -1169.5 0.546221 -0.12105 0.465839 0.685554
891 -26.9704   -562.3 -1171.24 0.543087 -0.0855825 0.484912 0.680141
892 -18.6588 -557.446 -1173.27 0.526269 -0.0493196 0.514194 0.675436
893 -10.6459 -552.384 -1175.59 0.502722 -0.0116228 0.538674 0.675993
894 -2.97262 -547.101 -1178.31 0.487886 0.0256146 0.556609 0.671935
895  4.28056 -541.639 -1181.32 0.479421 0.0611889 0.569528 0.664868
896  11.2878 -535.972 -1184.58 0.467081 0.0985332 0.583622 0.656896
897  17.5934 -530.533 -1187.97 0.446446 0.13234 0.597088 0.653191
898  24.0747 -524.508 -1191.92 0.426173 0.166604 0.60981 0.64711
899  29.7953 -518.713  -1196.1 0.414613 0.203067 0.621639 0.632791
900  35.2137 -512.853 -1200.59 0.389902 0.238132 0.63395 0.624
901  40.2429 -507.096 -1205.41 0.367847 0.272989 0.641925 0.614896
902  44.8746 -501.329 -1210.46 0.354189 0.304457 0.649328 0.600191
903  49.0717 -495.683 -1215.78 0.345201 0.333888 0.654668 0.583751
904  52.8827 -490.082 -1221.34 0.338244 0.359084 0.656748 0.570379
905  56.2567 -484.658 -1227.12 0.325099 0.384353 0.665068 0.551605
906  59.2182 -479.407 -1233.17 0.328367 0.412588 0.658604 0.53683
907  61.8073 -474.294 -1239.42 0.324477 0.437801 0.655063 0.523391
908  64.0137 -469.384 -1245.83 0.318102 0.45687 0.655843 0.509853
909  65.8072 -464.645  -1252.4 0.300864 0.478007 0.664439 0.489399
910  67.2566 -460.193 -1259.19 0.300646 0.498091 0.660633 0.474428
911  68.2805 -455.949 -1266.05 0.298362 0.518278 0.656478 0.459788
912  68.9604 -451.978 -1273.08 0.287382 0.539593 0.654527 0.444799
913  69.3029 -448.245 -1280.26 0.277236 0.557335 0.652029 0.43287
914  69.3144 -445.239 -1286.69 0.264633 0.576307 0.649838 0.418988
915  68.9895 -441.764 -1295.05 0.256137 0.58851 0.644318 0.415818
916  68.3473 -439.036 -1302.24 0.2544 0.604926 0.634048 0.409058
917  67.3824 -436.612 -1309.65 0.252435 0.620799 0.624352 0.401334
918  66.1629 -434.527 -1316.92 0.253835 0.634709 0.613872 0.394808
919  64.4833 -432.645 -1324.68 0.253787 0.649967 0.60782 0.379065
920  62.6086 -431.104 -1332.22 0.249441 0.66441 0.602527 0.365103
921  60.4466 -429.989 -1339.75 0.235137 0.683198 0.59113 0.358492
922  57.9362   -429.1 -1347.22 0.236116 0.700162 0.578309 0.345804
923  55.1487 -428.586 -1354.58 0.226579 0.716282 0.573762 0.326188
924  52.0709 -428.376 -1361.97 0.213174 0.731447 0.571997 0.30391
925  48.8054  -428.48 -1369.12 0.212302 0.745982 0.562286 0.286833
926  45.3531 -429.011 -1376.21 0.200376 0.758539 0.559929 0.266359
927  41.6596 -429.862 -1383.22 0.193621 0.7717 0.556194 0.240081
928  37.8035 -431.065 -1390.08 0.178428 0.782247 0.558579 0.210339
929  33.8721 -432.632 -1396.81 0.163593 0.792718 0.55696 0.186092
930  29.7678 -434.585 -1403.51 0.154283 0.803293 0.551351 0.164101
931   25.558 -436.879 -1410.01 0.138589 0.810042 0.552607 0.138748
932  21.3362 -439.572 -1416.35 0.125501 0.819014 0.546781 0.120401
933  16.9839  -442.61 -1422.48 0.114765 0.831018 0.535645 0.096555
934  12.5349 -446.214 -1428.72 0.0980658 0.840809 0.528326 0.0655358
935  8.32856 -449.867 -1434.41 0.0912281 0.850996 0.514257 0.0549927
936  4.06855 -453.914 -1440.03 0.0744691 0.854881 0.512479 0.0315786
937 -0.0378619   -458.316   -1445.49 0.0645092 0.860503 0.505073 0.0165945
938  -4.2547 -463.269 -1450.99 0.048358 0.865867 0.497928 0.00185064
939 -8.45962  -468.42 -1456.22 0.0445691 0.872808 0.485946 -0.00871874
940 -12.5174 -473.882 -1461.24 0.0318192 0.876875 0.479164 -0.0218814
941  -16.436 -479.661 -1466.05 0.0201112 0.879357 0.474286 -0.0371488
942 -20.2074 -485.805 -1470.73 0.00430019 0.880406 0.471427 -0.0512147
943  -23.911 -492.257  -1475.2 -0.0054226 0.879829 0.469125 -0.0761147
944 -27.3201 -499.008  -1479.5 -0.0202559 0.876208 0.470242 -0.103544
945 -30.6841 -506.029 -1483.58 -0.0334526 0.870558 0.470446 -0.140325
946 -33.8136 -513.381 -1487.55 -0.0480742 0.86215 0.469847 -0.183385
947 -36.6195 -520.992 -1491.33 -0.066983 0.851065 0.467946 -0.228535
948  -39.213 -528.837 -1494.97 -0.0751555 0.846548 0.459278 -0.2584
949 -41.5057 -536.988 -1498.56 -0.0896427 0.837276 0.452683 -0.293276
950 -43.4761 -545.303 -1501.97 -0.102481 0.826434 0.446298 -0.327602
951 -45.1199   -553.8 -1505.21 -0.113524 0.819756 0.434989 -0.35482
952 -46.4013 -562.526 -1508.43 -0.123879 0.809789 0.425866 -0.384101
953 -47.3052  -571.42 -1511.59 -0.132131 0.800718 0.414777 -0.411525
954 -47.8167 -580.476 -1514.64 -0.141334 0.793535 0.399593 -0.436638
955  -47.856 -589.607 -1517.67 -0.151459 0.782969 0.38327 -0.465966
956 -47.5166 -598.829  -1520.6 -0.163906 0.771212 0.368639 -0.492414
957 -46.7848 -608.152 -1523.59 0.171387 -0.763966 -0.356744 0.509624
958 -45.5232 -617.462 -1526.64 0.185095 -0.74682 -0.342777 0.538985
959 -43.9391 -626.213  -1529.5 0.198829 -0.73632 -0.3251 0.559115
960 -41.6044 -636.036 -1532.75 0.226579 -0.740286 -0.301136 0.556736
961 -38.9796  -645.22 -1535.88 0.243387 -0.729278 -0.284281 0.572801
962 -35.9079 -654.337 -1539.05 0.260323 -0.711969 -0.268391 0.59439
963 -32.4554 -663.434 -1542.11 0.267203 -0.702455 -0.24785 0.611334
964 -28.5539 -672.377 -1545.28 0.280932 -0.698822 -0.230932 0.615951
965 -24.2018 -681.115 -1548.57 0.296892 -0.686182 -0.215202 0.62825
966 -19.4168 -689.693  -1551.9 0.31553 -0.684707 -0.195393 0.627247
967 -14.2317 -698.064 -1555.27 0.332623 -0.675918 -0.178437 0.632975
968 -8.72409 -706.211 -1558.68 0.349136 -0.661057 -0.165466 0.643217
969 -2.70175 -714.203 -1562.26 0.368728 -0.653515 -0.149747 0.643843
970  3.61265 -721.962  -1565.8 0.378604 -0.640906 -0.131557 0.654669
971  10.3511 -729.458 -1569.42 0.392066 -0.638341 -0.115015 0.652362
972  17.3213 -736.471 -1573.11 0.405326 -0.61723 -0.0944312 0.667698
973   24.672 -743.252 -1576.82 0.423494 -0.612309 -0.07706 0.663168
974  32.3257 -749.667 -1580.57 0.442448 -0.606564 -0.0583368 0.657964
975  40.2533 -755.606 -1584.36 0.460077 -0.596363 -0.0346167 0.656873
976  48.6163 -761.296 -1588.45 0.477364 -0.57931 -0.0152049 0.660524
977  57.0692 -766.594 -1592.45 0.490658 -0.566179 0.00155151 0.66234
978   65.743 -771.465 -1596.45 0.504942 -0.555332 0.0256168 0.660291
979  75.0572 -776.167 -1600.76 0.518746 -0.538806 0.0462901 0.662154
980  83.6436 -780.019 -1604.76 0.53692 -0.520897 0.0644581 0.660476
981  92.8452 -783.632 -1608.96 0.55447 -0.514072 0.0806095 0.649457
982  102.224 -786.826  -1613.2 0.558765 -0.493682 0.110813 0.6571
983  111.674 -789.563 -1617.54 0.562125 -0.469857 0.140201 0.666028
984  121.146 -791.864 -1621.95 0.571527 -0.45218 0.16527 0.664512
985  130.667 -793.705  -1626.4 0.575341 -0.429376 0.198346 0.667291
986  140.217 -795.128 -1630.97 0.580063 -0.407184 0.230619 0.66674
987    149.7 -796.036 -1635.78 0.59147 -0.378498 0.257288 0.663856
988  159.081 -796.519 -1640.72 0.600487 -0.348914 0.284388 0.660907
989  168.432 -796.571 -1645.77 0.602237 -0.324025 0.319101 0.65612
990  177.683 -796.228 -1651.04 0.602148 -0.297707 0.351196 0.652265
991  186.632  -795.41 -1656.48 0.606793 -0.262147 0.377551 0.648488
992  195.447 -794.198 -1662.12 0.609863 -0.229667 0.40544 0.641045
993  204.058 -792.611 -1668.06 0.608045 -0.188192 0.437916 0.634897
994  212.323 -790.746 -1674.04 0.604038 -0.152767 0.46747 0.627114
995  220.447 -788.527 -1680.25 0.59598 -0.115145 0.500855 0.617004
996  228.189 -786.005 -1686.67 0.59939 -0.0915296 0.520823 0.600914
997  235.613 -783.217  -1693.4 0.604753 -0.064621 0.538843 0.582877
998  242.685 -780.155 -1700.27 0.608292 -0.0358037 0.556761 0.56455
999  249.431 -776.898 -1707.39 0.604398 -0.00498825 0.578977 0.547233
1000  255.772 -773.416 -1714.68 0.603107 0.0176365 0.597016 0.5287
1001  261.685 -769.767 -1722.08 0.60892 0.0340483 0.602559 0.514762
1002  267.328 -765.921  -1729.9 0.606798 0.0531325 0.618976 0.495824
1003  272.426 -761.978 -1737.85 0.604926 0.0795235 0.633191 0.476245
1004  277.115 -757.955 -1745.98 0.601868 0.103237 0.647475 0.455931
1005  281.355 -753.872 -1754.34 0.610031 0.118869 0.644688 0.445095
1006  285.107 -749.756 -1762.92 0.612905 0.140649 0.642699 0.43761
1007  288.471 -745.601 -1771.69 0.609631 0.168716 0.650224 0.420824
1008  291.373 -741.438 -1780.63 0.611943 0.189026 0.650395 0.408389
1009  293.735 -737.382 -1789.71 0.609269 0.213799 0.654029 0.394116
1010  295.685   -733.4 -1798.97 0.606276 0.241012 0.653991 0.382934
1011  297.244 -729.464 -1808.43 0.60772 0.258592 0.649789 0.376271
1012  298.395 -725.387 -1818.23 0.609917 0.272494 0.648826 0.36438
1013  298.935 -721.666 -1827.72 0.606568 0.295437 0.643719 0.361135
1014  299.081 -718.029 -1837.23 0.604385 0.317603 0.639905 0.352659
1015  298.836 -714.477 -1847.07 0.602215 0.339227 0.635538 0.344026
1016  298.027  -711.08 -1856.98 0.598933 0.365097 0.630537 0.332274
1017  296.843 -707.897 -1866.72 0.590152 0.389336 0.632565 0.316227
1018   295.31 -704.777 -1876.66 0.585243 0.408751 0.63225 0.301117
1019  293.392 -701.903 -1886.69 0.57983 0.429654 0.627886 0.291467
1020  291.073 -699.303 -1896.73 0.57049 0.452617 0.626245 0.278382
1021  288.398 -696.898 -1906.85 0.561935 0.472667 0.626878 0.260458
1022  285.343 -694.768 -1916.96 0.550745 0.495051 0.627073 0.241629
1023  281.954 -693.012 -1927.07 0.530077 0.522377 0.631149 0.218614
1024  278.215 -691.372 -1937.23 0.518313 0.544192 0.62399 0.214111
1025  274.146 -690.082 -1947.29 0.509184 0.563212 0.619945 0.197973
1026  269.757 -689.036 -1957.38 0.496994 0.586696 0.612055 0.184862
1027  265.136 -688.443 -1967.48 0.485591 0.6075 0.605916 0.167365
1028  260.249  -688.16 -1977.52 0.475262 0.629257 0.595468 0.153554
1029   255.16 -688.246 -1987.49 0.45722 0.649474 0.593521 0.12987
1030    249.8 -688.617 -1997.42 0.441403 0.666217 0.591228 0.108478
1031  244.203 -689.407 -2007.23 0.431703 0.68291 0.582536 0.0889818
1032   238.49 -690.615 -2016.89 0.414061 0.698575 0.579429 0.069343
1033  232.525 -692.058 -2026.41 0.410787 0.711794 0.566809 0.0577217
1034  226.499 -694.019 -2035.82 0.396026 0.720741 0.567709 0.037436
1035  220.223 -696.245 -2045.31 0.383379 0.728485 0.567564 0.0141874
1036  214.074 -698.913 -2054.68 0.370994 0.73711 0.564801 0.00566693
1037  207.837 -701.913 -2063.81 0.35737 0.741624 0.567583 -0.0114201
1038   201.44  -705.37 -2072.87 0.349469 0.746151 0.565567 -0.0355643
1039  195.082 -709.296 -2081.79 0.333343 0.756277 0.559844 -0.0591841
1040  188.786 -713.606 -2090.76 0.316148 0.760155 0.560651 -0.0887999
1041  182.245 -718.182 -2099.53 0.313884 0.761779 0.556227 -0.108544
1042  175.857 -723.227 -2108.26 0.306189 0.76375 0.552702 -0.132119
1043  169.536 -728.669 -2116.99 0.294577 0.770263 0.546893 -0.144316
1044  163.245 -734.557 -2125.51 0.288468 0.772805 0.540177 -0.166637
1045  156.784 -740.729 -2133.91 0.291247 0.774724 0.532182 -0.178217
1046  150.492 -747.356 -2142.24 0.283656 0.781184 0.524357 -0.185314
1047  144.317 -754.388 -2150.48 0.279209 0.781155 0.517213 -0.210547
1048  138.358 -761.874  -2158.6 0.271207 0.786813 0.50617 -0.226195
1049  132.632 -769.741 -2166.67 0.256959 0.792134 0.497007 -0.243883
1050  127.078 -777.992 -2174.67 0.245058 0.79617 0.488158 -0.26031
1051  121.79 -786.63 -2182.6 0.229769 0.798812 0.480204 -0.280195
1052  116.836 -795.647 -2190.52 0.207443 0.802699 0.470353 -0.302341
1053  112.159 -804.916 -2198.37 0.184321 0.802064 0.459604 -0.333891
1054  107.715 -814.516 -2206.28 0.165593 0.801411 0.450585 -0.356782
1055  103.675 -824.373 -2214.13 0.143385 0.799041 0.440002 -0.383891
1056  99.8495 -834.605 -2221.95 0.124982 0.798912 0.430865 -0.400593
1057  96.4017 -845.031 -2229.76 0.106969 0.800646 0.423747 -0.409831
1058  93.2689 -855.753  -2237.6 0.0858261 0.808829 0.419911 -0.402621
1059  90.4616   -866.7 -2245.44 0.0660197 0.805208 0.409965 -0.423333
1060  87.8514 -877.949 -2253.13 0.0482203 0.801145 0.395335 -0.446713
1061  85.8188 -889.366 -2260.91 0.0257628 0.803151 0.385263 -0.453714
1062  84.0637 -900.998 -2268.64 0.008667 0.799742 0.370858 -0.472019
1063  82.7895 -912.806 -2276.35 -0.0082381 0.796173 0.357649 -0.487983
1064  81.8734 -924.801 -2284.01 0.0249462 -0.786872 -0.340169 0.514291
1065  81.4866 -936.904 -2291.71 0.0495069 -0.777717 -0.321717 0.537776
1066  81.6212  -949.04 -2299.43 0.0682438 -0.77445 -0.303144 0.551067
1067  82.1957 -961.272 -2307.11 0.0881183 -0.75404 -0.276805 0.589099
1068  83.2079 -973.511 -2315.01 0.112418 -0.7347 -0.259703 0.616548
1069  84.6748 -985.649 -2322.81 0.131283 -0.718797 -0.235898 0.640662
1070  86.7784 -998.242 -2331.09 0.152177 -0.70003 -0.210356 0.665245
1071  89.0964 -1009.68  -2338.9 0.172569 -0.692654 -0.196022 0.672328
1072  91.9437 -1021.52 -2347.14 0.191931 -0.681685 -0.174678 0.684072
1073  95.2125 -1033.21 -2355.44 0.210893 -0.663557 -0.151342 0.701649
1074  98.9933 -1044.84 -2363.87 0.227677 -0.653807 -0.130189 0.709754
1075  103.198 -1056.11 -2372.45 0.247694 -0.637381 -0.105055 0.72205
1076  107.672 -1066.96 -2381.22 0.271785 -0.61384 -0.0816417 0.73666
1077  112.559 -1077.59 -2390.33 0.293316 -0.589802 -0.0637511 0.74969
1078   117.93 -1088.06 -2399.76 0.319778 -0.566508 -0.0380084 0.758529
1079  123.475 -1098.12 -2409.18 0.342245 -0.551656 -0.0152711 0.760468
1080  129.223 -1107.77  -2418.8 0.365894 -0.5321 0.00577765 0.763517
1081  135.282 -1117.11 -2428.65 0.383615 -0.51373 0.0261014 0.766968
1082  141.627 -1126.01  -2438.7 0.401754 -0.497489 0.0464249 0.767426
1083  148.087 -1134.62 -2448.99 0.422584 -0.478305 0.0635782 0.767206
1084  154.733 -1142.71 -2459.52 0.4429 -0.45793 0.077556 0.766893
1085  161.521 -1150.42  -2470.2 0.462514 -0.427505 0.0994876 0.770339
1086  168.442 -1157.65  -2481.1 0.482987 -0.412819 0.112804 0.763924
1087  175.386 -1164.48 -2492.23 0.505508 -0.3867 0.129611 0.760346
1088   182.39 -1170.87 -2503.57 0.524464 -0.34968 0.152055 0.761276
1089  189.422 -1176.77 -2515.05 0.542897 -0.308967 0.179831 0.75991
1090  196.365 -1182.29 -2526.73 0.558115 -0.260352 0.209216 0.759575
1091  203.331 -1187.47 -2538.66 0.574974 -0.234476 0.226035 0.750556
1092  210.073 -1192.08 -2550.78 0.593667 -0.20527 0.238126 0.740756
1093  216.784 -1196.41 -2563.02 0.60239 -0.168028 0.264643 0.734069
1094  223.312 -1200.24 -2575.41 0.611107 -0.127636 0.292573 0.724333
1095  229.654 -1203.73    -2588 0.62271 -0.090893 0.311877 0.711831
1096  235.792 -1206.85 -2600.74 0.629462 -0.0590293 0.331909 0.700093
1097  241.556 -1209.61 -2613.67 0.639487 -0.0293956 0.34533 0.686251
1098  247.054    -1212 -2626.72 0.64964 -0.00368345 0.359428 0.6699
1099  252.341  -1214.1 -2639.87 0.660666 0.0262805 0.372138 0.651416
1100  257.219 -1215.86 -2653.18 0.669849 0.0531431 0.377085 0.637405
1101  261.639 -1217.32 -2666.59 0.678296 0.0848626 0.389866 0.617023
1102  265.731 -1218.58 -2680.07 0.684862 0.111761 0.401987 0.597394
1103  269.531 -1219.61 -2693.68 0.694548 0.13125 0.406443 0.578948
1104  272.962 -1220.39 -2707.18 0.70634 0.130629 0.39522 0.572557
1105  275.984 -1220.93 -2720.84 0.716773 0.140595 0.394624 0.557442
1106  278.609  -1221.3 -2734.54 0.728169 0.144727 0.393094 0.542495
1107  280.871 -1221.48 -2748.25 0.736935 0.15971 0.395886 0.524113
1108  282.635 -1221.54 -2761.94 0.742147 0.18907 0.403716 0.500484
1109  284.012 -1221.39 -2775.62 0.748665 0.207941 0.403566 0.48311
1110  284.932 -1221.18 -2789.25 0.754235 0.219062 0.406889 0.466458
1111  285.506 -1220.77 -2802.79 0.755607 0.239397 0.416586 0.445199
1112  285.679 -1220.35 -2816.33 0.757046 0.254874 0.41985 0.430868
1113  285.405 -1219.74 -2829.76 0.761321 0.26131 0.41544 0.423695
1114   284.83 -1219.05 -2843.18 0.760063 0.278927 0.424675 0.405161
1115  283.846 -1218.32 -2856.57 0.757588 0.295288 0.433132 0.388925
1116  282.437 -1217.55 -2869.91 0.749687 0.321238 0.452758 0.360258
1117  280.562 -1216.86 -2883.11 0.748214 0.334491 0.462327 0.338444
1118  278.273 -1216.17 -2896.27 0.743869 0.347791 0.471927 0.320912
1119  275.632 -1215.43 -2909.43 0.736165 0.364231 0.484876 0.300486
1120  272.549 -1214.86 -2922.44 0.729105 0.379714 0.490676 0.288895
1121  269.027 -1214.43 -2935.47 0.722229 0.397479 0.496702 0.271447
1122  265.113 -1214.14 -2948.35 0.711576 0.42065 0.501287 0.255784
1123   260.81    -1214 -2961.13 0.707364 0.432322 0.504115 0.242077
1124   256.06 -1214.13 -2973.81 0.696197 0.458256 0.503013 0.228668
1125  250.954 -1214.57 -2986.21 0.692396 0.47741 0.49479 0.218747
1126  245.552 -1215.14 -2998.58 0.686978 0.493459 0.492212 0.205637
1127  239.752 -1215.91 -3010.94 0.671398 0.520045 0.497909 0.175681
1128  233.741 -1216.82 -3022.87 0.658545 0.542015 0.497959 0.156764
1129  227.447 -1217.97 -3034.72 0.649621 0.559394 0.494611 0.142938
1130  220.785 -1219.49 -3046.64 0.63947 0.576812 0.489645 0.13643
1131  213.864 -1221.19 -3058.42 0.634142 0.590024 0.482499 0.130117
1132  206.714 -1223.01 -3069.81 0.622782 0.607378 0.480018 0.113213
1133  199.186 -1225.23 -3081.41 0.603358 0.626107 0.487523 0.0791822
1134  191.543  -1227.8 -3092.61 0.607213 0.632653 0.474726 0.0753509
1135  183.799 -1230.85 -3103.64 0.601496 0.644467 0.469176 0.052329
1136  175.822 -1234.01 -3114.68 0.582523 0.660626 0.473047 0.0215873
1137  167.525 -1237.44 -3125.64 0.578123 0.670703 0.463884 0.0272436
1138    159.1    -1241 -3136.22 0.570044 0.674028 0.46977 0.00717384
1139  150.719 -1245.19 -3146.79 0.549665 0.692146 0.466839 -0.0293857
1140   142.24  -1249.8 -3157.18 0.525228 0.702946 0.473265 -0.0776072
1141  133.619 -1254.71 -3167.48 0.512529 0.707684 0.475383 -0.102512
1142  124.699 -1259.77 -3177.54 0.509219 0.70782 0.476227 -0.113554
1143  115.978  -1265.5 -3187.45 0.492903 0.715401 0.476728 -0.134085
1144  107.402 -1271.71 -3197.33 0.472212 0.72299 0.476291 -0.165674
1145  98.7695  -1278.3 -3206.96 0.456705 0.726973 0.47356 -0.19665
1146  90.3678 -1285.33 -3216.63 0.429315 0.731811 0.476473 -0.230467
1147  82.0057 -1292.73 -3226.19 0.40308 0.734608 0.476733 -0.265712
1148  73.8851 -1300.56 -3235.77 0.385374 0.738539 0.474883 -0.283784
1149   65.731  -1308.7 -3245.25 0.369829 0.741994 0.470048 -0.302864
1150  57.8377 -1317.22 -3254.71 0.347356 0.745458 0.465391 -0.327181
1151   50.198 -1326.19  -3264.3 0.317571 0.744717 0.459825 -0.364836
1152  42.7506 -1335.48 -3273.79 0.293678 0.742684 0.453956 -0.395092
1153  35.6379 -1345.16 -3283.35 0.264736 0.745369 0.448823 -0.41581
1154  28.3732  -1355.9 -3293.45 0.242156 0.748986 0.441473 -0.430677
1155  22.2073 -1365.54 -3302.33 0.218524 0.752457 0.435275 -0.443386
1156  15.9737 -1376.19 -3311.92 0.195599 0.748158 0.423521 -0.471839
1157  9.77919  -1387.1 -3321.52 0.178535 0.743589 0.416447 -0.491704
1158  4.34615  -1398.3 -3331.25 0.1551 0.748714 0.408936 -0.498139
1159 -0.884495   -1409.8  -3340.87 -0.128971 -0.744848 -0.397112 0.520452
1160 -5.67156 -1421.54 -3350.57 -0.101849 -0.742857 -0.387358 0.536418
1161 -9.98151 -1433.49  -3360.4 -0.0788549 -0.740796 -0.375541 0.551337
1162  -13.898 -1445.66 -3370.16 -0.0523876 -0.732087 -0.356961 0.577826
1163 -17.4618 -1457.92 -3380.21 -0.0211105 -0.717433 -0.341426 0.606855
1164 -20.4331  -1470.3  -3390.3 0.00764128 -0.70627 -0.323399 0.629712
1165 -22.9222 -1482.73 -3400.65 0.038059 -0.697108 -0.30734 0.646633
1166 -25.0552 -1495.22 -3411.03 0.0640716 -0.682463 -0.289364 0.668137
1167   -26.76 -1507.72 -3421.59 0.0926493 -0.664644 -0.272961 0.689316
1168 -27.9992 -1520.19 -3432.37 0.112741 -0.663963 -0.266239 0.689608
1169 -28.8443 -1532.67 -3443.32 0.137437 -0.647425 -0.252021 0.706001
1170 -29.1546 -1545.04 -3454.44 0.163964 -0.625007 -0.23128 0.727318
1171 -29.0122 -1557.27 -3465.82 0.190937 -0.60616 -0.215729 0.741333
1172 -28.4508 -1569.18  -3477.6 0.225625 -0.576053 -0.19611 0.760787
1173  -27.457 -1580.92 -3489.49 0.254318 -0.554451 -0.178524 0.772034
1174  -26.125 -1592.46 -3501.64 0.277353 -0.547612 -0.169328 0.771054
1175 -24.3762 -1603.59 -3513.99 0.307861 -0.524063 -0.150653 0.779669
1176 -22.2606 -1614.57 -3526.67 0.335694 -0.495674 -0.127014 0.790876
1177  -19.832 -1625.11 -3539.44 0.363033 -0.471748 -0.107686 0.796282
1178 -17.2932 -1635.28 -3552.42 0.386755 -0.444344 -0.0913907 0.802886
1179  -14.366 -1645.22 -3565.53 0.405391 -0.415192 -0.0651882 0.811803
1180  -11.101 -1654.93 -3579.24 0.431845 -0.390211 -0.0420672 0.812081
1181 -7.83598 -1664.06 -3592.96 0.452121 -0.377705 -0.0311181 0.807438
1182 -4.42185 -1672.73 -3606.86 0.471789 -0.355863 -0.0169719 0.806529
1183 -0.688507  -1681.02  -3620.98 0.495522 -0.334485 0.00714563 0.801578
1184  2.93396 -1688.73 -3635.33 0.519842 -0.31635 0.0152091 0.793382
1185  6.64079 -1696.07 -3649.85 0.542045 -0.30574 0.0189578 0.782528
1186  10.3692 -1702.86 -3664.61 0.565926 -0.275135 0.035157 0.776397
1187  14.1699  -1709.2 -3679.46 0.5886 -0.23678 0.060681 0.770586
1188  17.9919 -1715.12 -3694.36 0.607701 -0.20534 0.0846905 0.762471
1189  21.7378 -1720.62 -3709.46 0.627497 -0.16384 0.110719 0.753091
1190  25.3578 -1725.65 -3724.58 0.646049 -0.122638 0.131767 0.741767
1191  28.9147 -1730.34 -3739.82 0.660096 -0.0798956 0.157357 0.730157
1192  32.2588 -1734.61 -3755.17 0.672262 -0.0332023 0.180671 0.717161
1193  35.4228 -1738.43 -3770.61 0.681701 0.0144872 0.202379 0.702934
1194  38.3362 -1741.88 -3786.06 0.691496 0.0428168 0.218846 0.6871
1195  40.8703 -1744.95 -3801.57 0.699202 0.0908286 0.240629 0.667056
1196  43.1871 -1747.72  -3817.1 0.705614 0.131622 0.258785 0.646386
1197  45.1677 -1750.23 -3832.64 0.709214 0.169751 0.280078 0.624305
1198  46.8041 -1752.45 -3848.18 0.715838 0.197023 0.288579 0.60455
1199  48.0214 -1754.41 -3863.68 0.718707 0.238411 0.307067 0.576482
1200  48.9464 -1756.18 -3879.22 0.722888 0.269597 0.3119 0.554499
1201  49.5501 -1757.73  -3894.6 0.727892 0.294951 0.320104 0.529822
1202  49.6912 -1759.15 -3909.93 0.735036 0.312273 0.322774 0.507961
1203  49.4841  -1760.4 -3925.16 0.735208 0.343228 0.333715 0.479894
1204  49.0089 -1761.59 -3940.33 0.735585 0.362629 0.338702 0.46119
1205  48.0377 -1762.62  -3955.4 0.733488 0.389211 0.347781 0.435384
1206  46.7787 -1763.59 -3970.32 0.736011 0.399522 0.34813 0.421279
1207  45.0854 -1764.56 -3985.15 0.737686 0.412692 0.352819 0.401277
1208  42.9436 -1765.55 -3999.77 0.736634 0.431989 0.352869 0.382412
1209  40.3392 -1766.59 -4014.18 0.737147 0.445908 0.351916 0.365973
1210  37.4241 -1767.65 -4028.48 0.731763 0.471406 0.35373 0.342308
1211  34.1416 -1768.83 -4042.46 0.726018 0.49384 0.361373 0.313735
1212  30.6922 -1769.75 -4056.37 0.714726 0.521171 0.38502 0.263262
1213  26.9098 -1770.99 -4070.04 0.713024 0.528004 0.389021 0.247932
1214  22.7284 -1772.36 -4083.52 0.712152 0.534935 0.390079 0.233499
1215  18.2395 -1773.86 -4096.87 0.699854 0.556017 0.39853 0.205483
1216  13.4794 -1775.56 -4109.97 0.684063 0.581396 0.406103 0.170638
1217  8.42816 -1777.51 -4122.89 0.666151 0.604707 0.416868 0.129588
1218  3.14392 -1779.76 -4135.57 0.650818 0.622156 0.423949 0.0981055
1219 -2.34038 -1782.26 -4147.99 0.629145 0.64393 0.430074 0.067586
1220 -7.99932 -1784.87 -4160.35 0.617266 0.653696 0.434873 0.0504918
1221 -13.8069 -1787.81 -4172.37 0.609314 0.659996 0.438678 0.026518
1222 -19.8348 -1791.15 -4184.48 0.594791 0.671853 0.441185 0.0139088
1223 -25.8553    -1795 -4196.17 0.569019 0.692943 0.442446 -0.0169662
1224 -32.0922 -1799.03 -4207.81 0.541399 0.710922 0.445897 -0.0515146
1225 -38.2548 -1803.65 -4219.18 0.510353 0.733447 0.441364 -0.0824176
1226  -44.439 -1808.57 -4230.39 0.482626 0.749799 0.438752 -0.111225
1227  -50.656 -1813.76 -4241.46 0.45262 0.765093 0.435133 -0.142922
1228 -56.9577 -1819.28 -4252.43 0.431998 0.773547 0.430011 -0.173475
1229 -63.0536 -1825.22  -4263.1 0.406839 0.782059 0.425479 -0.204532
1230 -69.0317  -1831.5 -4273.56 0.384902 0.789946 0.419418 -0.22787
1231 -74.9103 -1838.22 -4284.16 0.357414 0.798465 0.414955 -0.250044
1232 -80.5783 -1845.26 -4294.55 0.321852 0.804124 0.409723 -0.286221
1233 -86.0245 -1852.63 -4304.84 0.284095 0.808058 0.405492 -0.31923
1234 -91.1045 -1860.42 -4315.04 0.249379 0.811228 0.398233 -0.348036
1235 -95.9548 -1868.48 -4325.11 0.224394 0.814195 0.391822 -0.36498
