0 6.75807e-06 1.31565e-05 3.14257e-05 0.167647 0.982246 -3.68281e-06 0.084192
1  0.900088 -0.481421 -0.014751 0.174502 0.981617 0.0172751 0.075354
2    1.16985    -0.6638 0.00762978 0.293123 0.953633 0.00579098 0.0680359
3   1.18057 -0.679649 0.0026042 0.410185 0.908725 -0.0216685 0.0741445
4      1.20139    -0.675326 -9.10751e-05 0.533999 0.842467 -0.0210911 0.068191
5   1.13828 -0.694853 0.0152857 0.622638 0.778708 -0.015705 0.075431
6    1.22575  -0.687826 0.00679133 0.709788 0.699971 -0.0448599 0.0650342
7    1.13553  -0.697572 -0.0105569 0.780751 0.619447 -0.0365536 0.0733326
8    1.11177  -0.688329 0.00781222 0.845489 0.526818 -0.0451375 0.07466
9    1.01484  -0.579107 0.00779871 0.775185 0.626274 -0.0495604 0.0664257
10   0.935857  -0.605575 0.00553076 0.703594 0.70539 -0.0275387 0.0813803
11    1.00015  -0.622738 0.00405783 0.603628 0.794392 -0.030858 0.0601855
12  0.906548 -0.578531 0.0136648 0.50359 0.859776 -0.0100995 0.0841413
13  0.700187 -0.397956 0.0169601 0.409956 0.906424 -0.00964971 0.101188
14    0.70413  -0.312386 0.00762993 0.303744 0.947809 -0.0136512 0.0959713
15   0.667638  -0.343044 -0.0101001 0.203743 0.97442 0.0129324 0.0939565
16    0.539394   -0.290312 -0.00490846 0.103698 0.990528 0.00472299 0.0898852
17  0.336928 -0.249312  0.011825 0.231135 0.969011 -0.0172823 0.0854162
18      0.27981    -0.277407 -0.000998803 0.336056 0.937412 -0.00390403 0.0911582
19  0.188107 -0.288417 0.0014097 0.42847 0.899679 0.00716722 0.0833018
20 0.00479947  0.0531711 -0.0291881 0.32541 0.940584 -0.0136864 0.0960361
21 -0.0625009 -0.0408791 -0.0154424 0.219747 0.972005 0.0204073 0.0806265
22    -0.221392    0.0357546 -0.000424644 0.114976 0.989779 0.0133929 0.0833009
23   -0.56049   0.105981 -0.0143065 0.219767 0.971387 0.0074964 0.0897429
24    -1.1385   0.381678 -0.0253085 0.317938 0.944379 0.00591947 0.0838353
25   -1.72716   0.844315 -0.0178995 0.420703 0.903829 -0.0280418 0.0729116
26   -2.12055    1.25737 -0.0288415 0.525542 0.846911 -0.0358758 0.0725323
27   -2.20385    1.24199 -0.0212899 0.620277 0.779862 -0.0236955 0.0806856
28   -2.18985    1.74119 -0.0327322 0.700372 0.708334 -0.0530229 0.0702194
29   -2.24088     2.2007 -0.0420211 0.619284 0.779671 -0.0496454 0.0783365
30   -2.27201    2.24806 -0.0435948 0.534654 0.839324 -0.0417657 0.0890833
31   -2.39296      2.263 -0.0388057 0.430618 0.896813 -0.00968796 0.101004
32   -2.39452    2.35747 -0.0462512 0.328103 0.940008 -0.0228306 0.0906234
33    -2.9791    2.70694 -0.0551397 0.198001 0.975792 0.00245654 0.0928389
34   -3.10074    2.67997 -0.0482958 0.067589 0.993001 0.0273774 0.0929002
35   -3.19732    2.73512 -0.0483495 -0.0714919 0.993057 0.0198096 0.0912876
36  -3.25351   2.65732 -0.051622 -0.211802 0.973111 0.0383793 0.0819921
37   -3.31384     2.5342 -0.0433071 -0.328706 0.939356 0.0647247 0.0733106
38   -3.6757   2.20274 -0.065664 -0.210862 0.973607 0.0325415 0.0810382
39   -3.72625     2.1316 -0.0463038 -0.104726 0.990296 0.0335522 0.084972
40   -3.80261    2.20312 -0.0453218 0.0332274 0.995861 -0.0030038 0.0845494
41  -3.88613   2.22258 -0.048559 0.15917 0.982338 -0.0116899 0.0976743
42   -3.96936     2.1598 -0.0426596 0.261244 0.961292 0.00380593 0.087493
43   -3.98599    2.25873 -0.0467637 0.372434 0.923904 -0.0299351 0.0824454
44   -4.17723    2.35741 -0.0502837 0.470813 0.87728 -0.0168912 0.0918108
45    -4.2948    2.55961 -0.0529047 0.560145 0.822831 -0.0271047 0.0919294
46   -4.27546    2.70261 -0.0561643 0.654652 0.749319 -0.0608836 0.0790306
47  -4.38327   2.84166 -0.058679 0.733528 0.671748 -0.0531379 0.0886956
48   -4.32966    2.90703 -0.0597397 0.799614 0.593921 -0.0592265 0.0660895
49   -4.02423    3.88052 -0.0677395 0.793053 0.599614 -0.0760409 0.0758171
50   -3.92635    4.16647 -0.0708428 0.853703 0.510978 -0.0800924 0.060641
51   -3.58856     4.7875 -0.0800919 0.903466 0.418735 -0.0737882 0.05445
52  -3.57172    4.9241 -0.075332 0.944778 0.313675 -0.0695448 0.0645425
53   -3.43624    4.90553 -0.0863044 0.976196 0.194989 -0.0896149 0.031461
54   -3.25882    5.05185 -0.0809724 0.992154 0.0836464 -0.0827878 0.0421915
55   -2.98204    5.11638 -0.0814251 0.971756 0.214903 -0.0774897 0.0591728
56  -2.89685   5.20094 -0.082602 0.942916 0.319449 -0.0678783 0.065225
57   -2.49536    5.64596 -0.0844975 0.900401 0.42426 -0.0678801 0.0683691
58   -2.44396    5.65998 -0.0845011 0.845583 0.523468 -0.0788848 0.0689042
59   -2.53108    5.69534 -0.0861534 0.775217 0.623882 -0.0440306 0.0887209
60   -2.51663      5.719 -0.0882022 0.692518 0.715109 -0.0396088 0.0864273
61   -2.45305    5.74679 -0.0917047 0.589372 0.801698 -0.0466062 0.088024
62   -2.51216    5.71283 -0.0927667 0.461481 0.882026 -0.0152541 0.0939863
63   -2.55754    5.69874 -0.0836283 0.333644 0.93761 0.00254675 0.0977883
64   -2.54737     5.7534 -0.0840266 0.222217 0.97113 -0.0122826 0.0858777
65   -2.55948    5.78115 -0.0851222 0.0759054 0.992604 -0.00750725 0.0944435
66   -2.56578    5.71317 -0.0861018 -0.0284885 0.995312 0.0282018 0.088016
67   -2.56829    5.66805 -0.0824204 -0.135866 0.986643 0.0442207 0.0782381
68   -2.62782     5.7413 -0.0858575 -0.237553 0.968201 0.0226581 0.075118
69   -2.73831    5.57754 -0.0984983 -0.359818 0.930264 0.0400482 0.0594666
70   -2.83749    5.46976 -0.0928051 -0.460986 0.882973 0.0520745 0.0716878
71   -2.80603    5.30862 -0.0866893 -0.56508 0.819066 0.0836893 0.0530218
72   -2.89663    5.15761 -0.0805024 -0.645968 0.757905 0.0736917 0.0536124
73   -2.83257    4.94263 -0.0898051 0.727407 -0.67885 -0.0932583 -0.0366674
74    -2.7229    4.53412 -0.0840756 0.803406 -0.586879 -0.0970971 -0.0261474
75   -2.65229    4.31031 -0.0721879 0.861678 -0.498132 -0.0936593 -0.0245646
76   -2.46059    4.17566 -0.0753324 0.90881 -0.404468 -0.102253 -0.00383871
77   -1.89383    3.71471 -0.0447032 0.859496 -0.503046 -0.0896128 -0.0134338
78   -1.98021    3.65628 -0.0490214 0.78928 -0.609666 -0.0644527 -0.0344995
79   -1.93482    3.61284 -0.0581308 0.722882 -0.686254 -0.0741332 -0.0316489
80   -1.91609    3.25615 -0.0371172 -0.643149 0.761115 0.073405 0.040929
81   -2.14512    2.26651 -0.0321036 -0.619766 0.779158 0.0663374 0.066349
82   -2.23683    1.26522 -0.0233566 0.707414 -0.700065 -0.0876617 -0.0423164
83   -2.21147    1.03696 -0.0221964 0.776257 -0.624488 -0.076595 -0.039666
84   -2.14848   0.847865 -0.0220832 0.850757 -0.515893 -0.0977265 -0.0227305
85   -2.03368   0.777771 -0.0231221 0.913892 -0.396184 -0.0884666 -0.00358173
86   -1.88908   0.743828 -0.0164315 0.95386 -0.285482 -0.091367 0.0173873
87 -0.977708  0.280219  0.011673 0.974873 -0.199902 -0.0982121 -0.00398416
88   0.0259478 -0.00581346  -0.0199098 0.979498 -0.170087 -0.105974 0.0205837
89  0.595315 -0.201338 0.0061994 0.956625 -0.27529 -0.0949196 -0.00866031
90   0.678765  -0.154976 0.00266842 0.912188 -0.401438 -0.0822176 -0.0006223
91   0.663622  -0.189329 0.00121262 0.862055 -0.499884 -0.0791919 -0.0265483
92   0.594145   -0.19974 0.00206158 0.801301 -0.59437 -0.0584728 -0.0349583
93    0.656244   -0.209883 -0.00538786 0.713582 -0.695738 -0.0761388 -0.030859
94   0.702558  -0.205501 -0.0233653 -0.625207 0.775817 0.0732401 0.0431279
95   0.644592  -0.175769 -0.0285309 -0.521898 0.84944 0.049613 0.0601033
96   0.672299  -0.201302 -0.0194094 -0.42458 0.902129 0.0497502 0.0584731
97   0.731245    -0.2677 -0.0106442 -0.320803 0.943648 0.056662 0.0583453
98    0.702224   -0.207908 -0.00725597 -0.206886 0.975633 0.0280082 0.0674823
99    0.715657   -0.262187 -0.00260606 -0.0937603 0.993445 0.0293909 0.0584226
100    0.533972   -0.237382 -0.00489901 0.0322004 0.995158 0.0088553 0.0924369
101  0.484092 -0.301822  0.017998 0.144153 0.985578 -0.00145628 0.0886239
102  0.439726 -0.256601 0.0015011 0.243109 0.967164 -0.00429813 0.0739861
