0 -5.18553e-05  2.82545e-05 -1.23226e-05 0.236888 0.970749 1.69948e-05 0.039118
1   0.0944405    0.103407 -0.00425453 0.346923 0.937426 -0.016073 0.0248819
2   0.0215846   0.0353933 -0.00330385 0.439782 0.897586 0.013978 0.0271109
3 0.00194704  0.0137101 -0.0118477 0.540843 0.840234 0.0125708 0.0365754
4  0.0762765  0.0128921 -0.0135841 0.632264 0.774433 -0.00265622 0.0221043
5   0.0521151 -0.00740589 -0.00791659 0.71727 0.696497 0.00267405 0.0202076
6  -0.0184982 -0.00219099  0.00632796 0.787892 0.615077 0.00418521 0.0298086
7  0.0701144 -0.0557128 0.00408617 0.853365 0.520934 -0.0101952 0.017084
8 -0.00283467    0.010788  0.00480398 0.906004 0.421735 -0.00443951 0.0357228
9    0.034808  -0.0266766 -0.00265665 0.947148 0.319799 -0.00863559 0.0237705
10  -0.0329141   0.0619232 -0.00187396 0.97551 0.21555 -0.0037461 0.0436488
11  -0.0139573   -0.023442 0.000849593 0.996037 0.0861858 -0.0180405 0.0124923
12  -0.0161445 -0.00647617  0.00664904 0.999385 -0.0243431 -0.018523 0.0171549
13 -0.0158981  0.0502579 0.00690398 0.990769 -0.131263 -0.0241204 0.0237567
14 -0.0114668 -0.0228498  0.0104284 0.969919 -0.242127 -0.022718 0.0107792
15    0.454106   -0.201432 -0.00877256 0.988844 -0.139943 -0.0392499 0.0325905
16    0.639288   -0.203588 -0.00571921 0.998725 -0.0334233 -0.0262677 0.0272139
17   1.60949  -0.13235 0.0166556 0.996591 0.0726802 -0.034936 0.0174013
18     1.73389 -0.00398067   0.0147329 0.979212 0.196275 -0.0287584 0.0423357
19     1.88736  0.00113492 -0.00707604 0.951444 0.303285 -0.0405133 0.0336293
20    1.90395   0.127007 -0.0271771 0.904495 0.422039 -0.0310688 0.0529741
21    1.99275    0.26652 -0.0200659 0.952932 0.30195 -0.0158751 0.0222419
22    1.99745   0.235377 -0.0253274 0.978809 0.203285 -0.0214898 0.0120855
23   1.97206  0.318464 -0.017536 0.99519 0.091009 -0.0165399 0.0322615
24    1.95858   0.272101 -0.0182124 0.999386 -0.0231058 -0.0189282 0.0183281
25     1.98573    0.304698 -0.00203157 0.991742 -0.12467 -0.0150131 0.0260523
26    2.36112   0.102295 -0.0203976 0.971338 -0.235129 -0.0346361 -0.00402144
27    2.48156  0.0584588 -0.0117155 0.938427 -0.342795 -0.0419392 0.00936644
28     2.48025   0.0409211 -0.00997133 0.895319 -0.443836 -0.0371745 -0.00564325
29    2.43102 0.00299828 -0.0105176 0.843544 -0.536432 -0.0227933 -0.0124064
30    2.56576  0.0104321 0.00653218 0.775805 -0.629951 -0.0338038 0.0120432
31      2.55155 -0.000938492    0.0107694 -0.706287 0.707314 0.0264133 -0.0129529
32    2.50882  -0.164604 -0.0148287 -0.603541 0.796922 0.0244437 0.00742193
33     2.45321   -0.219108 -0.00833901 -0.500335 0.865133 0.0193022 0.0289297
34     2.51402   -0.262799 -0.00157628 -0.403531 0.914592 0.0255601 0.00550991
35    2.47411  -0.223873 -0.0086971 -0.298937 0.953741 0.0118899 0.0295456
36    2.45511  -0.165921 -0.0157305 -0.198498 0.97981 0.00232981 0.0237945
37    2.44253  -0.235994 -0.0281419 -0.0566905 0.997745 0.0220575 0.0283797
38    2.44105  -0.300977 -0.0127108 0.0466473 0.998141 0.028118 0.0273342
39      2.4872   -0.224053 -0.00846582 0.159388 0.987028 -0.00189174 0.0191764
40     2.39729    -0.20872 -0.00961352 0.259972 0.965272 -0.00267839 0.0256448
41     1.8205  0.0109589 -0.0113224 0.155883 0.986505 0.0198839 0.0459621
42    1.60151   0.150789 -0.0108923 0.0338358 0.998369 0.00573059 0.0456146
43    1.1758 0.0600357 0.0123377 -0.0683152 0.996871 0.0112992 0.0381287
44    0.959154  0.00547581 -0.00584107 0.0571322 0.998057 -0.00220276 0.0247526
45   0.940283  0.0185113 -0.0093536 0.167436 0.985287 0.00581312 0.0337902
46    0.938242 -0.00858794   0.0114339 0.281762 0.958907 0.000331985 0.0332797
47   0.984129  0.0294077 0.00817471 0.383942 0.923076 -0.00975695 0.0205812
48    0.913448 -0.00480346  0.00146639 0.491796 0.870281 0.00190077 0.0272726
49   0.886772 -0.0136855  0.0180544 0.58416 0.810626 -0.00265183 0.0404534
50    0.96345 -0.0130949  0.0113823 0.68558 0.727332 -0.0164954 0.0264
51    0.927721  0.00269767 0.000689337 0.755469 0.65417 -0.0148337 0.0332922
52    0.881541   0.0101605 -0.00731417 0.820617 0.570103 -0.013625 0.0372186
53  0.846456 0.0300991 -0.027761 0.874982 0.483328 -0.0135598 0.0248503
54    0.852824   0.0479142 3.09424e-05 0.923405 0.381139 -0.0146529 0.0429134
55   0.835955  0.0330123 0.00194361 0.959412 0.280568 -0.0220869 0.0179778
56    0.830875   0.0572483 -0.00182115 0.98465 0.169793 -0.018016 0.0362087
57   0.837251  0.0234732 -0.0592606 0.998045 0.0542287 -0.0298431 0.00861529
58   0.823402 -0.0388423 -0.0406428 0.997942 -0.0607876 -0.020258 -0.00250418
59   0.858378  0.0349221 -0.0135045 0.983828 -0.174351 -0.0299176 0.0280936
60  0.866271 0.0506393 0.0034938 0.95442 -0.295552 -0.0379178 0.0171552
61   0.782317  0.0068637 0.00708811 0.907929 -0.418698 -0.0183844 0.00436726
62   0.842854  0.0459205 0.00479919 0.848802 -0.52779 -0.0266333 0.0162287
63   0.784738  0.0392601 0.00118775 0.791529 -0.61105 -0.009932 0.00127943
64  0.887422 -0.042432 0.0100915 0.726226 -0.686499 -0.0361503 0.00305656
65   0.813128  -0.134644 0.00464345 -0.621132 0.783094 0.0198475 0.0237612
66   0.778053  -0.200646 0.00704768 -0.500437 0.86498 0.0225464 0.029403
67   0.809329  -0.237902 0.00700638 -0.391598 0.919383 0.0301149 0.0218988
68   0.758807  -0.180084 0.00321876 -0.256089 0.966224 0.0076225 0.0277939
69   0.74117 -0.177031 0.0124787 -0.135637 0.990321 0.00458199 0.0290755
70  0.726797 -0.289817 0.0115536 -0.0273497 0.999107 0.0266307 0.0181309
71    0.6424 -0.167868 0.0220968 0.0813976 0.996269 -0.00853114 0.027384
72 -0.0187658 -0.0266032 -0.0114752 0.184631 0.982204 -0.00153002 0.034427
73   -1.00134   0.188203 0.00755304 0.174291 0.983494 0.0153977 0.046091
74  -1.42687  0.495148 -0.016842 0.291481 0.955739 -0.0132552 0.0377558
75  -1.84334  0.666025 -0.012698 0.387962 0.921014 0.0029299 0.0347783
76   -1.71849   0.782643 -0.0237988 0.490526 0.870749 -0.0198954 0.0280183
77 -1.82529 0.708529 -0.01872 0.576183 0.816473 0.0135495 0.0346487
78     -1.7813    0.720225 -0.00578119 0.658792 0.751598 -0.0166976 0.0285389
79   -1.98682   0.937513 -0.0346018 0.571542 0.819527 0.0108508 0.0399686
80   -1.93124   0.990632 -0.0160146 0.482041 0.875566 -0.00597008 0.0313846
81    -2.0021    0.90931 0.00565529 0.570568 0.821069 -0.00839185 0.0150921
82   -2.11629   0.857436 -0.0280929 0.663531 0.747262 0.0115392 0.034549
83   -2.08404   0.864656 0.00400983 0.740864 0.670979 -0.018368 0.0238904
84  -2.00526  0.837205 -0.012708 0.669269 0.742643 -0.0164233 0.0170591
85   -2.11834   0.835148 -0.0208767 0.573896 0.818426 0.0145837 0.0247122
86   -2.21884    1.22699 -0.0249743 0.657656 0.751406 -0.0379464 0.0379131
87   -2.23093    1.31838 -0.0156866 0.738858 0.673083 -0.0187179 0.0264146
88  -2.14584   2.34121 -0.030051 0.778624 0.625836 -0.010902 0.0442133
89    -2.2105    2.73945 -0.0257615 0.697549 0.714422 0.0119692 0.0536953
90   -2.13898    2.76092 -0.0268846 0.606933 0.794338 -0.00751664 0.0245511
91   -2.07313    2.79137 -0.0199692 0.51813 0.854519 -0.020944 0.0300029
92    -2.1202    2.74161 -0.0196943 0.397065 0.917101 0.0228077 0.0272837
93   -2.1479   2.74262 -0.025993 0.268601 0.962553 0.0180166 0.0319395
94   -2.14605    2.80121 -0.0268432 0.138046 0.989659 0.00421472 0.0387378
95   -2.15134    2.75286 -0.0333453 5.97422e-05 0.99916 0.0219739 0.03459
96   -2.14616    2.71614 -0.0287231 -0.138269 0.989592 0.0336248 0.0214127
97   -2.17259    2.77096 -0.0302596 -0.239806 0.970615 0.00778995 0.0184203
98   -2.21759    2.80539 -0.0291595 -0.356985 0.933331 0.012325 0.0361023
99   -2.15428    2.75564 -0.0215646 -0.484409 0.874147 0.034813 0.00155581
100  -2.15782   2.73384 -0.020841 -0.598897 0.800083 0.03443 0.00219074
101   -2.24535    2.74009 -0.0354938 -0.702028 0.711454 0.026282 0.0172598
102   -2.20796    2.74457 -0.0465424 0.79193 -0.609652 -0.0339823 -0.00405957
103   -2.13341    2.73744 -0.0312484 0.869918 -0.491523 -0.0347729 0.0209286
104   -2.10759    2.57096 -0.0306891 0.920347 -0.388499 -0.0449167 -0.00345449
105    -1.69969     2.28127 -0.00628811 0.871247 -0.488246 -0.0503362 -0.00322787
106    -1.71927      2.1681 -0.00622582 0.793121 -0.6082 -0.0281354 -0.0161077
107    -1.75538     2.06721 -0.00614991 0.725234 -0.686587 -0.035997 -0.0365769
108   -1.67242     1.8562 -0.0222954 -0.642529 0.764576 0.0470387 0.0191726
109   -1.78467    1.75061 -0.0184901 -0.531383 0.84627 0.0188036 0.0332433
110   -1.91507    1.44664 -0.0175306 -0.431625 0.901568 0.0202275 0.0215746
111    -2.1348    1.12289 -0.0146268 -0.528439 0.847601 0.0394951 0.0276452
112     -2.163    1.08621 -0.0169726 -0.624663 0.779214 0.0408696 0.030859
113    -2.0562    1.03951 -0.0166177 0.708172 -0.703965 -0.0540049 0.00306527
114   -2.14782    0.98791 -0.0115554 0.77605 -0.62964 -0.0329563 -0.0145883
115    -2.13933    0.966776 -0.00695502 0.846982 -0.53034 -0.0350751 -0.0114137
116   -2.05452    1.00468 -0.0190604 0.899993 -0.433917 -0.0378569 0.0171772
117   -1.68609    0.47139 -0.0149695 0.942378 -0.331495 -0.0451087 0.00099175
118   -1.45825   0.354022 -0.0186795 0.971541 -0.232385 -0.0458005 0.00263407
119   -1.24773   0.324584 -0.0129849 0.993009 -0.11208 -0.0308934 0.0204175
120   -0.235955    0.267087 -0.00707479 0.98738 -0.153976 -0.0330356 0.0167797
121 -0.0815344   0.160939 -0.0168738 0.962454 -0.267395 -0.0466346 0.00272264
122    0.791434   -0.125934 -0.00133396 0.988334 -0.145835 -0.0320606 0.0299937
123   0.917297  -0.232626 -0.0030333 0.99838 -0.0184612 -0.0526286 0.0112288
124    0.990033   -0.168953 -0.00447806 0.992368 0.108749 -0.0448269 0.0370194
125    1.07836  -0.118653 -0.0163948 0.97648 0.208834 -0.0337247 0.0416884
