image: /home/unitree/HongTu/G1Nav2D/map_folder/cwk_map__20250915_112451.pgm
resolution: 0.050000
origin: [-7.500000, -4.950000, 0.0]
negate: 0
occupied_thresh: 0.65
free_thresh: 0.196

