image: /home/unitree/HongTu/G1Nav2D/map_folder/cwk_map__20250918_154515.pgm
resolution: 0.050000
origin: [-2.050000, -0.650000, nan]
negate: 0
occupied_thresh: 0.65
free_thresh: 0.196

