image: /home/unitree/HongTu/G1Nav2D/map_folder/cwk_map__20250917_112040.pgm
resolution: 0.050000
origin: [-3.850000, -3.750000, nan]
negate: 0
occupied_thresh: 0.65
free_thresh: 0.196

