image: /home/unitree/HongTu/G1Nav2D/map_folder/cwk_map__20250916_131931.pgm
resolution: 0.050000
origin: [-4.200000, -3.950000, 0.0]
negate: 0
occupied_thresh: 0.65
free_thresh: 0.196

