image: /home/unitree/HongTu/G1Nav2D/map_folder/cwk_map__20250918_155202.pgm
resolution: 0.050000
origin: [-13.250000, -15.900000, 0.0]
negate: 0
occupied_thresh: 0.65
free_thresh: 0.196

